Loading cqt and beats... 
Perform sync
Perform loadInterval2Frame
[[array([], dtype=float64), 'Silence'], [array([ 0, 18]), 'I'], [array([18, 50]), 'V'], [array([50, 81]), 'V'], [array([ 81, 113]), 'C'], [array([113, 130]), 'T'], [array([130, 161]), 'V'], [array([161, 193]), 'C'], [array([193, 242]), "T'"], [array([242, 274]), 'C'], [array([274, 321]), 'O'], [array([], dtype=float64), 'Silence']]
[[array([ 0, 18]), 'I'], [array([18, 50]), 'V'], [array([50, 81]), 'V'], [array([ 81, 113]), 'C'], [array([113, 130]), 'T'], [array([130, 161]), 'V'], [array([161, 193]), 'C'], [array([193, 242]), "T'"], [array([242, 274]), 'C'], [array([274, 321]), 'O']]
sigmas
[[ 591.99880776  515.77759174  103.63325499 ...,  489.7486285   213.57138212
   607.97465233]
 [ 515.77759174  168.61083567  117.99105793 ...,  535.85198033
   760.13779055  320.21426722]
 [ 103.63325499  117.99105793  681.0852665  ...,  406.19277604
   296.05770846  360.51976126]
 ..., 
 [ 489.7486285   535.85198033  406.19277604 ...,  356.39797546
   413.97194535  679.51557895]
 [ 213.57138212  760.13779055  296.05770846 ...,  413.97194535
   670.80039496  301.32213836]
 [ 607.97465233  320.21426722  360.51976126 ...,  679.51557895
   301.32213836  786.97206053]]
gm.shape:  (322, 322)
[[  1.00000000e+00   2.17964049e-01   1.46977466e-73 ...,   4.60169756e-03
    1.30123013e-16   9.96688804e-01]
 [  2.17964049e-01   1.00000000e+00   6.26341671e-43 ...,   9.67575040e-02
    1.59826270e-01   2.37957732e-02]
 [  1.46977466e-73   6.26341671e-43   1.00000000e+00 ...,   2.29506362e-05
    1.48641420e-12   1.20372120e-06]
 ..., 
 [  4.60169756e-03   9.67575040e-02   2.29506362e-05 ...,   1.00000000e+00
    9.85232050e-04   6.59363116e-02]
 [  1.30123013e-16   1.59826270e-01   1.48641420e-12 ...,   9.85232050e-04
    1.00000000e+00   1.37681340e-08]
 [  9.96688804e-01   2.37957732e-02   1.20372120e-06 ...,   6.59363116e-02
    1.37681340e-08   1.00000000e+00]]
L_true
[[ 1.         -0.05555556 -0.05555556 ..., -0.         -0.         -0.        ]
 [-0.05555556  1.         -0.05555556 ..., -0.         -0.         -0.        ]
 [-0.05555556 -0.05555556  1.         ..., -0.         -0.         -0.        ]
 ..., 
 [-0.         -0.         -0.         ...,  1.         -0.0212766
  -0.0212766 ]
 [-0.         -0.         -0.         ..., -0.0212766   1.         -0.0212766 ]
 [-0.         -0.         -0.         ..., -0.0212766  -0.0212766   1.        ]]
gm.shape, m_true.shape:  (322, 322) (322, 322)
gm is symmetric:  True
m_true is symmetric:  True
errors:  26.3999250642
sigmas:
[[ 591.99880776  515.77757328  103.63325499 ...,  489.7486283   213.57138212
   607.97593337]
 [ 515.77757328  168.61083567  117.99105793 ...,  535.85196243
   760.13785245  320.21426134]
 [ 103.63325499  117.99105793  681.0852665  ...,  406.19277604
   296.05770846  360.51976126]
 ..., 
 [ 489.7486283   535.85196243  406.19277604 ...,  356.39797546
   413.97194615  679.51557801]
 [ 213.57138212  760.13785245  296.05770846 ...,  413.97194615
   670.80039496  301.32213836]
 [ 607.97593337  320.21426134  360.51976126 ...,  679.51557801
   301.32213836  786.97206053]]
saving sigmas to:  ./sigmas/modelReal_singleUpdateII_Alpha1000_850/modelReal_singleUpdateII_Alpha1000_850_step0.npy
gm
[[  1.00000000e+00   2.17964025e-01   1.46977466e-73 ...,   4.60169754e-03
    1.30123013e-16   9.96688818e-01]
 [  2.17964025e-01   1.00000000e+00   6.26341671e-43 ...,   9.67574889e-02
    1.59826318e-01   2.37957699e-02]
 [  1.46977466e-73   6.26341671e-43   1.00000000e+00 ...,   2.29506362e-05
    1.48641420e-12   1.20372120e-06]
 ..., 
 [  4.60169754e-03   9.67574889e-02   2.29506362e-05 ...,   1.00000000e+00
    9.85232077e-04   6.59363111e-02]
 [  1.30123013e-16   1.59826318e-01   1.48641420e-12 ...,   9.85232077e-04
    1.00000000e+00   1.37681340e-08]
 [  9.96688818e-01   2.37957699e-02   1.20372120e-06 ...,   6.59363111e-02
    1.37681340e-08   1.00000000e+00]]
epoch:  0  errors:  26.3999529512
sigmas:
[[ 591.99880776  515.77755483  103.63325499 ...,  489.74862811
   213.57138212  607.97721441]
 [ 515.77755483  168.61083567  117.99105793 ...,  535.85194454
   760.13791435  320.21425545]
 [ 103.63325499  117.99105793  681.0852665  ...,  406.19277604
   296.05770846  360.51976126]
 ..., 
 [ 489.74862811  535.85194454  406.19277604 ...,  356.39797546
   413.97194694  679.51557707]
 [ 213.57138212  760.13791435  296.05770846 ...,  413.97194694
   670.80039496  301.32213836]
 [ 607.97721441  320.21425545  360.51976126 ...,  679.51557707
   301.32213836  786.97206053]]
saving sigmas to:  ./sigmas/modelReal_singleUpdateII_Alpha1000_850/modelReal_singleUpdateII_Alpha1000_850_step1.npy
gm
[[  1.00000000e+00   2.17964001e-01   1.46977466e-73 ...,   4.60169752e-03
    1.30123013e-16   9.96688832e-01]
 [  2.17964001e-01   1.00000000e+00   6.26341671e-43 ...,   9.67574738e-02
    1.59826366e-01   2.37957666e-02]
 [  1.46977466e-73   6.26341671e-43   1.00000000e+00 ...,   2.29506362e-05
    1.48641420e-12   1.20372120e-06]
 ..., 
 [  4.60169752e-03   9.67574738e-02   2.29506362e-05 ...,   1.00000000e+00
    9.85232103e-04   6.59363106e-02]
 [  1.30123013e-16   1.59826366e-01   1.48641420e-12 ...,   9.85232103e-04
    1.00000000e+00   1.37681340e-08]
 [  9.96688832e-01   2.37957666e-02   1.20372120e-06 ...,   6.59363106e-02
    1.37681340e-08   1.00000000e+00]]
epoch:  1  errors:  26.3999808384
sigmas:
[[ 591.99880776  515.77753637  103.63325499 ...,  489.74862792
   213.57138212  607.97849545]
 [ 515.77753637  168.61083567  117.99105793 ...,  535.85192664
   760.13797626  320.21424957]
 [ 103.63325499  117.99105793  681.0852665  ...,  406.19277604
   296.05770846  360.51976126]
 ..., 
 [ 489.74862792  535.85192664  406.19277604 ...,  356.39797546
   413.97194774  679.51557613]
 [ 213.57138212  760.13797626  296.05770846 ...,  413.97194774
   670.80039496  301.32213836]
 [ 607.97849545  320.21424957  360.51976126 ...,  679.51557613
   301.32213836  786.97206053]]
saving sigmas to:  ./sigmas/modelReal_singleUpdateII_Alpha1000_850/modelReal_singleUpdateII_Alpha1000_850_step2.npy
gm
[[  1.00000000e+00   2.17963977e-01   1.46977466e-73 ...,   4.60169750e-03
    1.30123013e-16   9.96688846e-01]
 [  2.17963977e-01   1.00000000e+00   6.26341671e-43 ...,   9.67574587e-02
    1.59826414e-01   2.37957634e-02]
 [  1.46977466e-73   6.26341671e-43   1.00000000e+00 ...,   2.29506362e-05
    1.48641420e-12   1.20372120e-06]
 ..., 
 [  4.60169750e-03   9.67574587e-02   2.29506362e-05 ...,   1.00000000e+00
    9.85232129e-04   6.59363101e-02]
 [  1.30123013e-16   1.59826414e-01   1.48641420e-12 ...,   9.85232129e-04
    1.00000000e+00   1.37681340e-08]
 [  9.96688846e-01   2.37957634e-02   1.20372120e-06 ...,   6.59363101e-02
    1.37681340e-08   1.00000000e+00]]
epoch:  2  errors:  26.4000087258
sigmas:
[[ 591.99880776  515.77751791  103.63325499 ...,  489.74862773
   213.57138212  607.97977649]
 [ 515.77751791  168.61083567  117.99105793 ...,  535.85190875
   760.13803816  320.21424369]
 [ 103.63325499  117.99105793  681.0852665  ...,  406.19277604
   296.05770846  360.51976126]
 ..., 
 [ 489.74862773  535.85190875  406.19277604 ...,  356.39797546
   413.97194853  679.51557518]
 [ 213.57138212  760.13803816  296.05770846 ...,  413.97194853
   670.80039496  301.32213836]
 [ 607.97977649  320.21424369  360.51976126 ...,  679.51557518
   301.32213836  786.97206053]]
saving sigmas to:  ./sigmas/modelReal_singleUpdateII_Alpha1000_850/modelReal_singleUpdateII_Alpha1000_850_step3.npy
gm
[[  1.00000000e+00   2.17963954e-01   1.46977466e-73 ...,   4.60169749e-03
    1.30123013e-16   9.96688860e-01]
 [  2.17963954e-01   1.00000000e+00   6.26341671e-43 ...,   9.67574436e-02
    1.59826461e-01   2.37957601e-02]
 [  1.46977466e-73   6.26341671e-43   1.00000000e+00 ...,   2.29506362e-05
    1.48641420e-12   1.20372120e-06]
 ..., 
 [  4.60169749e-03   9.67574436e-02   2.29506362e-05 ...,   1.00000000e+00
    9.85232155e-04   6.59363096e-02]
 [  1.30123013e-16   1.59826461e-01   1.48641420e-12 ...,   9.85232155e-04
    1.00000000e+00   1.37681340e-08]
 [  9.96688860e-01   2.37957601e-02   1.20372120e-06 ...,   6.59363096e-02
    1.37681340e-08   1.00000000e+00]]
epoch:  3  errors:  26.4000366133
sigmas:
[[ 591.99880776  515.77749945  103.63325499 ...,  489.74862753
   213.57138212  607.98105754]
 [ 515.77749945  168.61083567  117.99105793 ...,  535.85189086
   760.13810007  320.2142378 ]
 [ 103.63325499  117.99105793  681.0852665  ...,  406.19277604
   296.05770846  360.51976126]
 ..., 
 [ 489.74862753  535.85189086  406.19277604 ...,  356.39797546
   413.97194933  679.51557424]
 [ 213.57138212  760.13810007  296.05770846 ...,  413.97194933
   670.80039496  301.32213836]
 [ 607.98105754  320.2142378   360.51976126 ...,  679.51557424
   301.32213836  786.97206053]]
saving sigmas to:  ./sigmas/modelReal_singleUpdateII_Alpha1000_850/modelReal_singleUpdateII_Alpha1000_850_step4.npy
gm
[[  1.00000000e+00   2.17963930e-01   1.46977466e-73 ...,   4.60169747e-03
    1.30123013e-16   9.96688874e-01]
 [  2.17963930e-01   1.00000000e+00   6.26341671e-43 ...,   9.67574285e-02
    1.59826509e-01   2.37957568e-02]
 [  1.46977466e-73   6.26341671e-43   1.00000000e+00 ...,   2.29506362e-05
    1.48641420e-12   1.20372120e-06]
 ..., 
 [  4.60169747e-03   9.67574285e-02   2.29506362e-05 ...,   1.00000000e+00
    9.85232181e-04   6.59363091e-02]
 [  1.30123013e-16   1.59826509e-01   1.48641420e-12 ...,   9.85232181e-04
    1.00000000e+00   1.37681340e-08]
 [  9.96688874e-01   2.37957568e-02   1.20372120e-06 ...,   6.59363091e-02
    1.37681340e-08   1.00000000e+00]]
epoch:  4  errors:  26.4000645011
sigmas:
[[ 591.99880776  515.77748099  103.63325499 ...,  489.74862734
   213.57138212  607.98233858]
 [ 515.77748099  168.61083567  117.99105793 ...,  535.85187296
   760.13816197  320.21423192]
 [ 103.63325499  117.99105793  681.0852665  ...,  406.19277604
   296.05770846  360.51976126]
 ..., 
 [ 489.74862734  535.85187296  406.19277604 ...,  356.39797546
   413.97195012  679.5155733 ]
 [ 213.57138212  760.13816197  296.05770846 ...,  413.97195012
   670.80039496  301.32213836]
 [ 607.98233858  320.21423192  360.51976126 ...,  679.5155733   301.32213836
   786.97206053]]
saving sigmas to:  ./sigmas/modelReal_singleUpdateII_Alpha1000_850/modelReal_singleUpdateII_Alpha1000_850_step5.npy
gm
[[  1.00000000e+00   2.17963906e-01   1.46977466e-73 ...,   4.60169745e-03
    1.30123013e-16   9.96688888e-01]
 [  2.17963906e-01   1.00000000e+00   6.26341671e-43 ...,   9.67574135e-02
    1.59826557e-01   2.37957536e-02]
 [  1.46977466e-73   6.26341671e-43   1.00000000e+00 ...,   2.29506362e-05
    1.48641420e-12   1.20372120e-06]
 ..., 
 [  4.60169745e-03   9.67574135e-02   2.29506362e-05 ...,   1.00000000e+00
    9.85232208e-04   6.59363086e-02]
 [  1.30123013e-16   1.59826557e-01   1.48641420e-12 ...,   9.85232208e-04
    1.00000000e+00   1.37681340e-08]
 [  9.96688888e-01   2.37957536e-02   1.20372120e-06 ...,   6.59363086e-02
    1.37681340e-08   1.00000000e+00]]
epoch:  5  errors:  26.400092389
sigmas:
[[ 591.99880776  515.77746253  103.63325499 ...,  489.74862715
   213.57138212  607.98361962]
 [ 515.77746253  168.61083567  117.99105793 ...,  535.85185507
   760.13822387  320.21422604]
 [ 103.63325499  117.99105793  681.0852665  ...,  406.19277604
   296.05770846  360.51976126]
 ..., 
 [ 489.74862715  535.85185507  406.19277604 ...,  356.39797546
   413.97195092  679.51557236]
 [ 213.57138212  760.13822387  296.05770846 ...,  413.97195092
   670.80039496  301.32213836]
 [ 607.98361962  320.21422604  360.51976126 ...,  679.51557236
   301.32213836  786.97206053]]
saving sigmas to:  ./sigmas/modelReal_singleUpdateII_Alpha1000_850/modelReal_singleUpdateII_Alpha1000_850_step6.npy
gm
[[  1.00000000e+00   2.17963882e-01   1.46977466e-73 ...,   4.60169743e-03
    1.30123013e-16   9.96688901e-01]
 [  2.17963882e-01   1.00000000e+00   6.26341671e-43 ...,   9.67573984e-02
    1.59826605e-01   2.37957503e-02]
 [  1.46977466e-73   6.26341671e-43   1.00000000e+00 ...,   2.29506362e-05
    1.48641420e-12   1.20372120e-06]
 ..., 
 [  4.60169743e-03   9.67573984e-02   2.29506362e-05 ...,   1.00000000e+00
    9.85232234e-04   6.59363081e-02]
 [  1.30123013e-16   1.59826605e-01   1.48641420e-12 ...,   9.85232234e-04
    1.00000000e+00   1.37681340e-08]
 [  9.96688901e-01   2.37957503e-02   1.20372120e-06 ...,   6.59363081e-02
    1.37681340e-08   1.00000000e+00]]
epoch:  6  errors:  26.4001202771
sigmas:
[[ 591.99880776  515.77744407  103.63325499 ...,  489.74862695
   213.57138212  607.98490066]
 [ 515.77744407  168.61083567  117.99105793 ...,  535.85183717
   760.13828578  320.21422015]
 [ 103.63325499  117.99105793  681.0852665  ...,  406.19277604
   296.05770846  360.51976126]
 ..., 
 [ 489.74862695  535.85183717  406.19277604 ...,  356.39797546
   413.97195172  679.51557142]
 [ 213.57138212  760.13828578  296.05770846 ...,  413.97195172
   670.80039496  301.32213836]
 [ 607.98490066  320.21422015  360.51976126 ...,  679.51557142
   301.32213836  786.97206053]]
saving sigmas to:  ./sigmas/modelReal_singleUpdateII_Alpha1000_850/modelReal_singleUpdateII_Alpha1000_850_step7.npy
gm
[[  1.00000000e+00   2.17963859e-01   1.46977466e-73 ...,   4.60169741e-03
    1.30123013e-16   9.96688915e-01]
 [  2.17963859e-01   1.00000000e+00   6.26341671e-43 ...,   9.67573833e-02
    1.59826652e-01   2.37957470e-02]
 [  1.46977466e-73   6.26341671e-43   1.00000000e+00 ...,   2.29506362e-05
    1.48641420e-12   1.20372120e-06]
 ..., 
 [  4.60169741e-03   9.67573833e-02   2.29506362e-05 ...,   1.00000000e+00
    9.85232260e-04   6.59363076e-02]
 [  1.30123013e-16   1.59826652e-01   1.48641420e-12 ...,   9.85232260e-04
    1.00000000e+00   1.37681340e-08]
 [  9.96688915e-01   2.37957470e-02   1.20372120e-06 ...,   6.59363076e-02
    1.37681340e-08   1.00000000e+00]]
epoch:  7  errors:  26.4001481654
sigmas:
[[ 591.99880776  515.77742561  103.63325499 ...,  489.74862676
   213.57138212  607.9861817 ]
 [ 515.77742561  168.61083567  117.99105793 ...,  535.85181928
   760.13834768  320.21421427]
 [ 103.63325499  117.99105793  681.0852665  ...,  406.19277604
   296.05770846  360.51976126]
 ..., 
 [ 489.74862676  535.85181928  406.19277604 ...,  356.39797546
   413.97195251  679.51557048]
 [ 213.57138212  760.13834768  296.05770846 ...,  413.97195251
   670.80039496  301.32213836]
 [ 607.9861817   320.21421427  360.51976126 ...,  679.51557048
   301.32213836  786.97206053]]
saving sigmas to:  ./sigmas/modelReal_singleUpdateII_Alpha1000_850/modelReal_singleUpdateII_Alpha1000_850_step8.npy
gm
[[  1.00000000e+00   2.17963835e-01   1.46977466e-73 ...,   4.60169739e-03
    1.30123013e-16   9.96688929e-01]
 [  2.17963835e-01   1.00000000e+00   6.26341671e-43 ...,   9.67573682e-02
    1.59826700e-01   2.37957438e-02]
 [  1.46977466e-73   6.26341671e-43   1.00000000e+00 ...,   2.29506362e-05
    1.48641420e-12   1.20372120e-06]
 ..., 
 [  4.60169739e-03   9.67573682e-02   2.29506362e-05 ...,   1.00000000e+00
    9.85232286e-04   6.59363071e-02]
 [  1.30123013e-16   1.59826700e-01   1.48641420e-12 ...,   9.85232286e-04
    1.00000000e+00   1.37681340e-08]
 [  9.96688929e-01   2.37957438e-02   1.20372120e-06 ...,   6.59363071e-02
    1.37681340e-08   1.00000000e+00]]
epoch:  8  errors:  26.4001760538
sigmas:
[[ 591.99880776  515.77740715  103.63325499 ...,  489.74862657
   213.57138212  607.98746274]
 [ 515.77740715  168.61083567  117.99105793 ...,  535.85180138
   760.13840959  320.21420839]
 [ 103.63325499  117.99105793  681.0852665  ...,  406.19277604
   296.05770846  360.51976126]
 ..., 
 [ 489.74862657  535.85180138  406.19277604 ...,  356.39797546
   413.97195331  679.51556953]
 [ 213.57138212  760.13840959  296.05770846 ...,  413.97195331
   670.80039496  301.32213836]
 [ 607.98746274  320.21420839  360.51976126 ...,  679.51556953
   301.32213836  786.97206053]]
saving sigmas to:  ./sigmas/modelReal_singleUpdateII_Alpha1000_850/modelReal_singleUpdateII_Alpha1000_850_step9.npy
gm
[[  1.00000000e+00   2.17963811e-01   1.46977466e-73 ...,   4.60169737e-03
    1.30123013e-16   9.96688943e-01]
 [  2.17963811e-01   1.00000000e+00   6.26341671e-43 ...,   9.67573531e-02
    1.59826748e-01   2.37957405e-02]
 [  1.46977466e-73   6.26341671e-43   1.00000000e+00 ...,   2.29506362e-05
    1.48641420e-12   1.20372120e-06]
 ..., 
 [  4.60169737e-03   9.67573531e-02   2.29506362e-05 ...,   1.00000000e+00
    9.85232313e-04   6.59363066e-02]
 [  1.30123013e-16   1.59826748e-01   1.48641420e-12 ...,   9.85232313e-04
    1.00000000e+00   1.37681340e-08]
 [  9.96688943e-01   2.37957405e-02   1.20372120e-06 ...,   6.59363066e-02
    1.37681340e-08   1.00000000e+00]]
epoch:  9  errors:  26.4002039425
sigmas:
[[ 591.99880776  515.7773887   103.63325499 ...,  489.74862637
   213.57138212  607.98874378]
 [ 515.7773887   168.61083567  117.99105793 ...,  535.85178349
   760.13847149  320.2142025 ]
 [ 103.63325499  117.99105793  681.0852665  ...,  406.19277604
   296.05770846  360.51976126]
 ..., 
 [ 489.74862637  535.85178349  406.19277604 ...,  356.39797546  413.9719541
   679.51556859]
 [ 213.57138212  760.13847149  296.05770846 ...,  413.9719541   670.80039496
   301.32213836]
 [ 607.98874378  320.2142025   360.51976126 ...,  679.51556859
   301.32213836  786.97206053]]
saving sigmas to:  ./sigmas/modelReal_singleUpdateII_Alpha1000_850/modelReal_singleUpdateII_Alpha1000_850_step10.npy
gm
[[  1.00000000e+00   2.17963787e-01   1.46977466e-73 ...,   4.60169735e-03
    1.30123013e-16   9.96688957e-01]
 [  2.17963787e-01   1.00000000e+00   6.26341671e-43 ...,   9.67573380e-02
    1.59826795e-01   2.37957372e-02]
 [  1.46977466e-73   6.26341671e-43   1.00000000e+00 ...,   2.29506362e-05
    1.48641420e-12   1.20372120e-06]
 ..., 
 [  4.60169735e-03   9.67573380e-02   2.29506362e-05 ...,   1.00000000e+00
    9.85232339e-04   6.59363061e-02]
 [  1.30123013e-16   1.59826795e-01   1.48641420e-12 ...,   9.85232339e-04
    1.00000000e+00   1.37681340e-08]
 [  9.96688957e-01   2.37957372e-02   1.20372120e-06 ...,   6.59363061e-02
    1.37681340e-08   1.00000000e+00]]
epoch:  10  errors:  26.4002318313
sigmas:
[[ 591.99880776  515.77737024  103.63325499 ...,  489.74862618
   213.57138212  607.99002482]
 [ 515.77737024  168.61083567  117.99105793 ...,  535.85176559
   760.13853339  320.21419662]
 [ 103.63325499  117.99105793  681.0852665  ...,  406.19277604
   296.05770846  360.51976126]
 ..., 
 [ 489.74862618  535.85176559  406.19277604 ...,  356.39797546  413.9719549
   679.51556765]
 [ 213.57138212  760.13853339  296.05770846 ...,  413.9719549   670.80039496
   301.32213836]
 [ 607.99002482  320.21419662  360.51976126 ...,  679.51556765
   301.32213836  786.97206053]]
saving sigmas to:  ./sigmas/modelReal_singleUpdateII_Alpha1000_850/modelReal_singleUpdateII_Alpha1000_850_step11.npy
gm
[[  1.00000000e+00   2.17963763e-01   1.46977466e-73 ...,   4.60169733e-03
    1.30123013e-16   9.96688971e-01]
 [  2.17963763e-01   1.00000000e+00   6.26341671e-43 ...,   9.67573229e-02
    1.59826843e-01   2.37957339e-02]
 [  1.46977466e-73   6.26341671e-43   1.00000000e+00 ...,   2.29506362e-05
    1.48641420e-12   1.20372120e-06]
 ..., 
 [  4.60169733e-03   9.67573229e-02   2.29506362e-05 ...,   1.00000000e+00
    9.85232365e-04   6.59363057e-02]
 [  1.30123013e-16   1.59826843e-01   1.48641420e-12 ...,   9.85232365e-04
    1.00000000e+00   1.37681340e-08]
 [  9.96688971e-01   2.37957339e-02   1.20372120e-06 ...,   6.59363057e-02
    1.37681340e-08   1.00000000e+00]]
epoch:  11  errors:  26.4002597203
sigmas:
[[ 591.99880776  515.77735178  103.63325499 ...,  489.74862599
   213.57138212  607.99130587]
 [ 515.77735178  168.61083567  117.99105793 ...,  535.8517477   760.1385953
   320.21419074]
 [ 103.63325499  117.99105793  681.0852665  ...,  406.19277604
   296.05770846  360.51976126]
 ..., 
 [ 489.74862599  535.8517477   406.19277604 ...,  356.39797546
   413.97195569  679.51556671]
 [ 213.57138212  760.1385953   296.05770846 ...,  413.97195569
   670.80039496  301.32213836]
 [ 607.99130587  320.21419074  360.51976126 ...,  679.51556671
   301.32213836  786.97206053]]
saving sigmas to:  ./sigmas/modelReal_singleUpdateII_Alpha1000_850/modelReal_singleUpdateII_Alpha1000_850_step12.npy
gm
[[  1.00000000e+00   2.17963740e-01   1.46977466e-73 ...,   4.60169731e-03
    1.30123013e-16   9.96688985e-01]
 [  2.17963740e-01   1.00000000e+00   6.26341671e-43 ...,   9.67573078e-02
    1.59826891e-01   2.37957307e-02]
 [  1.46977466e-73   6.26341671e-43   1.00000000e+00 ...,   2.29506362e-05
    1.48641420e-12   1.20372120e-06]
 ..., 
 [  4.60169731e-03   9.67573078e-02   2.29506362e-05 ...,   1.00000000e+00
    9.85232391e-04   6.59363052e-02]
 [  1.30123013e-16   1.59826891e-01   1.48641420e-12 ...,   9.85232391e-04
    1.00000000e+00   1.37681340e-08]
 [  9.96688985e-01   2.37957307e-02   1.20372120e-06 ...,   6.59363052e-02
    1.37681340e-08   1.00000000e+00]]
epoch:  12  errors:  26.4002876095
sigmas:
[[ 591.99880776  515.77733332  103.63325499 ...,  489.74862579
   213.57138212  607.99258691]
 [ 515.77733332  168.61083567  117.99105793 ...,  535.8517298   760.1386572
   320.21418485]
 [ 103.63325499  117.99105793  681.0852665  ...,  406.19277604
   296.05770846  360.51976126]
 ..., 
 [ 489.74862579  535.8517298   406.19277604 ...,  356.39797546
   413.97195649  679.51556577]
 [ 213.57138212  760.1386572   296.05770846 ...,  413.97195649
   670.80039496  301.32213836]
 [ 607.99258691  320.21418485  360.51976126 ...,  679.51556577
   301.32213836  786.97206053]]
saving sigmas to:  ./sigmas/modelReal_singleUpdateII_Alpha1000_850/modelReal_singleUpdateII_Alpha1000_850_step13.npy
gm
[[  1.00000000e+00   2.17963716e-01   1.46977466e-73 ...,   4.60169729e-03
    1.30123013e-16   9.96688999e-01]
 [  2.17963716e-01   1.00000000e+00   6.26341671e-43 ...,   9.67572927e-02
    1.59826939e-01   2.37957274e-02]
 [  1.46977466e-73   6.26341671e-43   1.00000000e+00 ...,   2.29506362e-05
    1.48641420e-12   1.20372120e-06]
 ..., 
 [  4.60169729e-03   9.67572927e-02   2.29506362e-05 ...,   1.00000000e+00
    9.85232417e-04   6.59363047e-02]
 [  1.30123013e-16   1.59826939e-01   1.48641420e-12 ...,   9.85232417e-04
    1.00000000e+00   1.37681340e-08]
 [  9.96688999e-01   2.37957274e-02   1.20372120e-06 ...,   6.59363047e-02
    1.37681340e-08   1.00000000e+00]]
epoch:  13  errors:  26.4003154989
sigmas:
[[ 591.99880776  515.77731486  103.63325499 ...,  489.7486256   213.57138212
   607.99386795]
 [ 515.77731486  168.61083567  117.99105793 ...,  535.85171191
   760.13871911  320.21417897]
 [ 103.63325499  117.99105793  681.0852665  ...,  406.19277604
   296.05770846  360.51976126]
 ..., 
 [ 489.7486256   535.85171191  406.19277604 ...,  356.39797546
   413.97195728  679.51556482]
 [ 213.57138212  760.13871911  296.05770846 ...,  413.97195728
   670.80039496  301.32213836]
 [ 607.99386795  320.21417897  360.51976126 ...,  679.51556482
   301.32213836  786.97206053]]
saving sigmas to:  ./sigmas/modelReal_singleUpdateII_Alpha1000_850/modelReal_singleUpdateII_Alpha1000_850_step14.npy
gm
[[  1.00000000e+00   2.17963692e-01   1.46977466e-73 ...,   4.60169727e-03
    1.30123013e-16   9.96689013e-01]
 [  2.17963692e-01   1.00000000e+00   6.26341671e-43 ...,   9.67572776e-02
    1.59826986e-01   2.37957241e-02]
 [  1.46977466e-73   6.26341671e-43   1.00000000e+00 ...,   2.29506362e-05
    1.48641420e-12   1.20372120e-06]
 ..., 
 [  4.60169727e-03   9.67572776e-02   2.29506362e-05 ...,   1.00000000e+00
    9.85232444e-04   6.59363042e-02]
 [  1.30123013e-16   1.59826986e-01   1.48641420e-12 ...,   9.85232444e-04
    1.00000000e+00   1.37681340e-08]
 [  9.96689013e-01   2.37957241e-02   1.20372120e-06 ...,   6.59363042e-02
    1.37681340e-08   1.00000000e+00]]
epoch:  14  errors:  26.4003433885
sigmas:
[[ 591.99880776  515.7772964   103.63325499 ...,  489.74862541
   213.57138212  607.99514899]
 [ 515.7772964   168.61083567  117.99105793 ...,  535.85169401
   760.13878101  320.21417309]
 [ 103.63325499  117.99105793  681.0852665  ...,  406.19277604
   296.05770846  360.51976126]
 ..., 
 [ 489.74862541  535.85169401  406.19277604 ...,  356.39797546
   413.97195808  679.51556388]
 [ 213.57138212  760.13878101  296.05770846 ...,  413.97195808
   670.80039496  301.32213836]
 [ 607.99514899  320.21417309  360.51976126 ...,  679.51556388
   301.32213836  786.97206053]]
saving sigmas to:  ./sigmas/modelReal_singleUpdateII_Alpha1000_850/modelReal_singleUpdateII_Alpha1000_850_step15.npy
gm
[[  1.00000000e+00   2.17963668e-01   1.46977466e-73 ...,   4.60169725e-03
    1.30123013e-16   9.96689027e-01]
 [  2.17963668e-01   1.00000000e+00   6.26341671e-43 ...,   9.67572625e-02
    1.59827034e-01   2.37957209e-02]
 [  1.46977466e-73   6.26341671e-43   1.00000000e+00 ...,   2.29506362e-05
    1.48641420e-12   1.20372120e-06]
 ..., 
 [  4.60169725e-03   9.67572625e-02   2.29506362e-05 ...,   1.00000000e+00
    9.85232470e-04   6.59363037e-02]
 [  1.30123013e-16   1.59827034e-01   1.48641420e-12 ...,   9.85232470e-04
    1.00000000e+00   1.37681340e-08]
 [  9.96689027e-01   2.37957209e-02   1.20372120e-06 ...,   6.59363037e-02
    1.37681340e-08   1.00000000e+00]]
epoch:  15  errors:  26.4003712782
sigmas:
[[ 591.99880776  515.77727794  103.63325499 ...,  489.74862522
   213.57138212  607.99643004]
 [ 515.77727794  168.61083567  117.99105793 ...,  535.85167612
   760.13884291  320.2141672 ]
 [ 103.63325499  117.99105793  681.0852665  ...,  406.19277604
   296.05770846  360.51976126]
 ..., 
 [ 489.74862522  535.85167612  406.19277604 ...,  356.39797546
   413.97195888  679.51556294]
 [ 213.57138212  760.13884291  296.05770846 ...,  413.97195888
   670.80039496  301.32213836]
 [ 607.99643004  320.2141672   360.51976126 ...,  679.51556294
   301.32213836  786.97206053]]
saving sigmas to:  ./sigmas/modelReal_singleUpdateII_Alpha1000_850/modelReal_singleUpdateII_Alpha1000_850_step16.npy
gm
[[  1.00000000e+00   2.17963645e-01   1.46977466e-73 ...,   4.60169723e-03
    1.30123013e-16   9.96689041e-01]
 [  2.17963645e-01   1.00000000e+00   6.26341671e-43 ...,   9.67572474e-02
    1.59827082e-01   2.37957176e-02]
 [  1.46977466e-73   6.26341671e-43   1.00000000e+00 ...,   2.29506362e-05
    1.48641420e-12   1.20372120e-06]
 ..., 
 [  4.60169723e-03   9.67572474e-02   2.29506362e-05 ...,   1.00000000e+00
    9.85232496e-04   6.59363032e-02]
 [  1.30123013e-16   1.59827082e-01   1.48641420e-12 ...,   9.85232496e-04
    1.00000000e+00   1.37681340e-08]
 [  9.96689041e-01   2.37957176e-02   1.20372120e-06 ...,   6.59363032e-02
    1.37681340e-08   1.00000000e+00]]
epoch:  16  errors:  26.4003991681
sigmas:
[[ 591.99880776  515.77725948  103.63325499 ...,  489.74862502
   213.57138212  607.99771108]
 [ 515.77725948  168.61083567  117.99105793 ...,  535.85165823
   760.13890482  320.21416132]
 [ 103.63325499  117.99105793  681.0852665  ...,  406.19277604
   296.05770846  360.51976126]
 ..., 
 [ 489.74862502  535.85165823  406.19277604 ...,  356.39797546
   413.97195967  679.515562  ]
 [ 213.57138212  760.13890482  296.05770846 ...,  413.97195967
   670.80039496  301.32213836]
 [ 607.99771108  320.21416132  360.51976126 ...,  679.515562    301.32213836
   786.97206053]]
saving sigmas to:  ./sigmas/modelReal_singleUpdateII_Alpha1000_850/modelReal_singleUpdateII_Alpha1000_850_step17.npy
gm
[[  1.00000000e+00   2.17963621e-01   1.46977466e-73 ...,   4.60169721e-03
    1.30123013e-16   9.96689055e-01]
 [  2.17963621e-01   1.00000000e+00   6.26341671e-43 ...,   9.67572323e-02
    1.59827130e-01   2.37957143e-02]
 [  1.46977466e-73   6.26341671e-43   1.00000000e+00 ...,   2.29506362e-05
    1.48641420e-12   1.20372120e-06]
 ..., 
 [  4.60169721e-03   9.67572323e-02   2.29506362e-05 ...,   1.00000000e+00
    9.85232522e-04   6.59363027e-02]
 [  1.30123013e-16   1.59827130e-01   1.48641420e-12 ...,   9.85232522e-04
    1.00000000e+00   1.37681340e-08]
 [  9.96689055e-01   2.37957143e-02   1.20372120e-06 ...,   6.59363027e-02
    1.37681340e-08   1.00000000e+00]]
epoch:  17  errors:  26.4004270582
sigmas:
[[ 591.99880776  515.77724102  103.63325499 ...,  489.74862483
   213.57138212  607.99899212]
 [ 515.77724102  168.61083567  117.99105793 ...,  535.85164033
   760.13896672  320.21415544]
 [ 103.63325499  117.99105793  681.0852665  ...,  406.19277604
   296.05770846  360.51976126]
 ..., 
 [ 489.74862483  535.85164033  406.19277604 ...,  356.39797546
   413.97196047  679.51556106]
 [ 213.57138212  760.13896672  296.05770846 ...,  413.97196047
   670.80039496  301.32213836]
 [ 607.99899212  320.21415544  360.51976126 ...,  679.51556106
   301.32213836  786.97206053]]
saving sigmas to:  ./sigmas/modelReal_singleUpdateII_Alpha1000_850/modelReal_singleUpdateII_Alpha1000_850_step18.npy
gm
[[  1.00000000e+00   2.17963597e-01   1.46977466e-73 ...,   4.60169719e-03
    1.30123013e-16   9.96689069e-01]
 [  2.17963597e-01   1.00000000e+00   6.26341671e-43 ...,   9.67572172e-02
    1.59827177e-01   2.37957111e-02]
 [  1.46977466e-73   6.26341671e-43   1.00000000e+00 ...,   2.29506362e-05
    1.48641420e-12   1.20372120e-06]
 ..., 
 [  4.60169719e-03   9.67572172e-02   2.29506362e-05 ...,   1.00000000e+00
    9.85232549e-04   6.59363022e-02]
 [  1.30123013e-16   1.59827177e-01   1.48641420e-12 ...,   9.85232549e-04
    1.00000000e+00   1.37681340e-08]
 [  9.96689069e-01   2.37957111e-02   1.20372120e-06 ...,   6.59363022e-02
    1.37681340e-08   1.00000000e+00]]
epoch:  18  errors:  26.4004549485
sigmas:
[[ 591.99880776  515.77722257  103.63325499 ...,  489.74862464
   213.57138212  608.00027317]
 [ 515.77722257  168.61083567  117.99105793 ...,  535.85162244
   760.13902863  320.21414955]
 [ 103.63325499  117.99105793  681.0852665  ...,  406.19277604
   296.05770846  360.51976126]
 ..., 
 [ 489.74862464  535.85162244  406.19277604 ...,  356.39797546
   413.97196126  679.51556011]
 [ 213.57138212  760.13902863  296.05770846 ...,  413.97196126
   670.80039496  301.32213836]
 [ 608.00027317  320.21414955  360.51976126 ...,  679.51556011
   301.32213836  786.97206053]]
saving sigmas to:  ./sigmas/modelReal_singleUpdateII_Alpha1000_850/modelReal_singleUpdateII_Alpha1000_850_step19.npy
gm
[[  1.00000000e+00   2.17963573e-01   1.46977466e-73 ...,   4.60169717e-03
    1.30123013e-16   9.96689083e-01]
 [  2.17963573e-01   1.00000000e+00   6.26341671e-43 ...,   9.67572021e-02
    1.59827225e-01   2.37957078e-02]
 [  1.46977466e-73   6.26341671e-43   1.00000000e+00 ...,   2.29506362e-05
    1.48641420e-12   1.20372120e-06]
 ..., 
 [  4.60169717e-03   9.67572021e-02   2.29506362e-05 ...,   1.00000000e+00
    9.85232575e-04   6.59363017e-02]
 [  1.30123013e-16   1.59827225e-01   1.48641420e-12 ...,   9.85232575e-04
    1.00000000e+00   1.37681340e-08]
 [  9.96689083e-01   2.37957078e-02   1.20372120e-06 ...,   6.59363017e-02
    1.37681340e-08   1.00000000e+00]]
epoch:  19  errors:  26.400482839
sigmas:
[[ 591.99880776  515.77720411  103.63325499 ...,  489.74862444
   213.57138212  608.00155421]
 [ 515.77720411  168.61083567  117.99105793 ...,  535.85160454
   760.13909053  320.21414367]
 [ 103.63325499  117.99105793  681.0852665  ...,  406.19277604
   296.05770846  360.51976126]
 ..., 
 [ 489.74862444  535.85160454  406.19277604 ...,  356.39797546
   413.97196206  679.51555917]
 [ 213.57138212  760.13909053  296.05770846 ...,  413.97196206
   670.80039496  301.32213836]
 [ 608.00155421  320.21414367  360.51976126 ...,  679.51555917
   301.32213836  786.97206053]]
saving sigmas to:  ./sigmas/modelReal_singleUpdateII_Alpha1000_850/modelReal_singleUpdateII_Alpha1000_850_step20.npy
gm
[[  1.00000000e+00   2.17963550e-01   1.46977466e-73 ...,   4.60169715e-03
    1.30123013e-16   9.96689096e-01]
 [  2.17963550e-01   1.00000000e+00   6.26341671e-43 ...,   9.67571871e-02
    1.59827273e-01   2.37957045e-02]
 [  1.46977466e-73   6.26341671e-43   1.00000000e+00 ...,   2.29506362e-05
    1.48641420e-12   1.20372120e-06]
 ..., 
 [  4.60169715e-03   9.67571871e-02   2.29506362e-05 ...,   1.00000000e+00
    9.85232601e-04   6.59363012e-02]
 [  1.30123013e-16   1.59827273e-01   1.48641420e-12 ...,   9.85232601e-04
    1.00000000e+00   1.37681340e-08]
 [  9.96689096e-01   2.37957045e-02   1.20372120e-06 ...,   6.59363012e-02
    1.37681340e-08   1.00000000e+00]]
epoch:  20  errors:  26.4005107296
sigmas:
[[ 591.99880776  515.77718565  103.63325499 ...,  489.74862425
   213.57138212  608.00283526]
 [ 515.77718565  168.61083567  117.99105793 ...,  535.85158665
   760.13915244  320.21413779]
 [ 103.63325499  117.99105793  681.0852665  ...,  406.19277604
   296.05770846  360.51976126]
 ..., 
 [ 489.74862425  535.85158665  406.19277604 ...,  356.39797546
   413.97196285  679.51555823]
 [ 213.57138212  760.13915244  296.05770846 ...,  413.97196285
   670.80039496  301.32213836]
 [ 608.00283526  320.21413779  360.51976126 ...,  679.51555823
   301.32213836  786.97206053]]
saving sigmas to:  ./sigmas/modelReal_singleUpdateII_Alpha1000_850/modelReal_singleUpdateII_Alpha1000_850_step21.npy
gm
[[  1.00000000e+00   2.17963526e-01   1.46977466e-73 ...,   4.60169713e-03
    1.30123013e-16   9.96689110e-01]
 [  2.17963526e-01   1.00000000e+00   6.26341671e-43 ...,   9.67571720e-02
    1.59827321e-01   2.37957013e-02]
 [  1.46977466e-73   6.26341671e-43   1.00000000e+00 ...,   2.29506362e-05
    1.48641420e-12   1.20372120e-06]
 ..., 
 [  4.60169713e-03   9.67571720e-02   2.29506362e-05 ...,   1.00000000e+00
    9.85232627e-04   6.59363007e-02]
 [  1.30123013e-16   1.59827321e-01   1.48641420e-12 ...,   9.85232627e-04
    1.00000000e+00   1.37681340e-08]
 [  9.96689110e-01   2.37957013e-02   1.20372120e-06 ...,   6.59363007e-02
    1.37681340e-08   1.00000000e+00]]
epoch:  21  errors:  26.4005386204
sigmas:
[[ 591.99880776  515.77716719  103.63325499 ...,  489.74862406
   213.57138212  608.0041163 ]
 [ 515.77716719  168.61083567  117.99105793 ...,  535.85156875
   760.13921434  320.2141319 ]
 [ 103.63325499  117.99105793  681.0852665  ...,  406.19277604
   296.05770846  360.51976126]
 ..., 
 [ 489.74862406  535.85156875  406.19277604 ...,  356.39797546
   413.97196365  679.51555729]
 [ 213.57138212  760.13921434  296.05770846 ...,  413.97196365
   670.80039496  301.32213836]
 [ 608.0041163   320.2141319   360.51976126 ...,  679.51555729
   301.32213836  786.97206053]]
saving sigmas to:  ./sigmas/modelReal_singleUpdateII_Alpha1000_850/modelReal_singleUpdateII_Alpha1000_850_step22.npy
gm
[[  1.00000000e+00   2.17963502e-01   1.46977466e-73 ...,   4.60169711e-03
    1.30123013e-16   9.96689124e-01]
 [  2.17963502e-01   1.00000000e+00   6.26341671e-43 ...,   9.67571569e-02
    1.59827368e-01   2.37956980e-02]
 [  1.46977466e-73   6.26341671e-43   1.00000000e+00 ...,   2.29506362e-05
    1.48641420e-12   1.20372120e-06]
 ..., 
 [  4.60169711e-03   9.67571569e-02   2.29506362e-05 ...,   1.00000000e+00
    9.85232653e-04   6.59363002e-02]
 [  1.30123013e-16   1.59827368e-01   1.48641420e-12 ...,   9.85232653e-04
    1.00000000e+00   1.37681340e-08]
 [  9.96689124e-01   2.37956980e-02   1.20372120e-06 ...,   6.59363002e-02
    1.37681340e-08   1.00000000e+00]]
epoch:  22  errors:  26.4005665115
sigmas:
[[ 591.99880776  515.77714873  103.63325499 ...,  489.74862386
   213.57138212  608.00539734]
 [ 515.77714873  168.61083567  117.99105793 ...,  535.85155086
   760.13927625  320.21412602]
 [ 103.63325499  117.99105793  681.0852665  ...,  406.19277604
   296.05770846  360.51976126]
 ..., 
 [ 489.74862386  535.85155086  406.19277604 ...,  356.39797546
   413.97196445  679.51555635]
 [ 213.57138212  760.13927625  296.05770846 ...,  413.97196445
   670.80039496  301.32213836]
 [ 608.00539734  320.21412602  360.51976126 ...,  679.51555635
   301.32213836  786.97206053]]
saving sigmas to:  ./sigmas/modelReal_singleUpdateII_Alpha1000_850/modelReal_singleUpdateII_Alpha1000_850_step23.npy
gm
[[  1.00000000e+00   2.17963478e-01   1.46977466e-73 ...,   4.60169709e-03
    1.30123013e-16   9.96689138e-01]
 [  2.17963478e-01   1.00000000e+00   6.26341671e-43 ...,   9.67571418e-02
    1.59827416e-01   2.37956947e-02]
 [  1.46977466e-73   6.26341671e-43   1.00000000e+00 ...,   2.29506362e-05
    1.48641420e-12   1.20372120e-06]
 ..., 
 [  4.60169709e-03   9.67571418e-02   2.29506362e-05 ...,   1.00000000e+00
    9.85232680e-04   6.59362997e-02]
 [  1.30123013e-16   1.59827416e-01   1.48641420e-12 ...,   9.85232680e-04
    1.00000000e+00   1.37681340e-08]
 [  9.96689138e-01   2.37956947e-02   1.20372120e-06 ...,   6.59362997e-02
    1.37681340e-08   1.00000000e+00]]
epoch:  23  errors:  26.4005944026
sigmas:
[[ 591.99880776  515.77713027  103.63325499 ...,  489.74862367
   213.57138212  608.00667839]
 [ 515.77713027  168.61083567  117.99105793 ...,  535.85153296
   760.13933815  320.21412014]
 [ 103.63325499  117.99105793  681.0852665  ...,  406.19277604
   296.05770846  360.51976126]
 ..., 
 [ 489.74862367  535.85153296  406.19277604 ...,  356.39797546
   413.97196524  679.5155554 ]
 [ 213.57138212  760.13933815  296.05770846 ...,  413.97196524
   670.80039496  301.32213836]
 [ 608.00667839  320.21412014  360.51976126 ...,  679.5155554   301.32213836
   786.97206053]]
saving sigmas to:  ./sigmas/modelReal_singleUpdateII_Alpha1000_850/modelReal_singleUpdateII_Alpha1000_850_step24.npy
gm
[[  1.00000000e+00   2.17963454e-01   1.46977466e-73 ...,   4.60169708e-03
    1.30123013e-16   9.96689152e-01]
 [  2.17963454e-01   1.00000000e+00   6.26341671e-43 ...,   9.67571267e-02
    1.59827464e-01   2.37956915e-02]
 [  1.46977466e-73   6.26341671e-43   1.00000000e+00 ...,   2.29506362e-05
    1.48641420e-12   1.20372120e-06]
 ..., 
 [  4.60169708e-03   9.67571267e-02   2.29506362e-05 ...,   1.00000000e+00
    9.85232706e-04   6.59362992e-02]
 [  1.30123013e-16   1.59827464e-01   1.48641420e-12 ...,   9.85232706e-04
    1.00000000e+00   1.37681340e-08]
 [  9.96689152e-01   2.37956915e-02   1.20372120e-06 ...,   6.59362992e-02
    1.37681340e-08   1.00000000e+00]]
epoch:  24  errors:  26.400622294
sigmas:
[[ 591.99880776  515.77711181  103.63325499 ...,  489.74862348
   213.57138212  608.00795943]
 [ 515.77711181  168.61083567  117.99105793 ...,  535.85151507
   760.13940005  320.21411425]
 [ 103.63325499  117.99105793  681.0852665  ...,  406.19277604
   296.05770846  360.51976126]
 ..., 
 [ 489.74862348  535.85151507  406.19277604 ...,  356.39797546
   413.97196604  679.51555446]
 [ 213.57138212  760.13940005  296.05770846 ...,  413.97196604
   670.80039496  301.32213836]
 [ 608.00795943  320.21411425  360.51976126 ...,  679.51555446
   301.32213836  786.97206053]]
saving sigmas to:  ./sigmas/modelReal_singleUpdateII_Alpha1000_850/modelReal_singleUpdateII_Alpha1000_850_step25.npy
gm
[[  1.00000000e+00   2.17963431e-01   1.46977466e-73 ...,   4.60169706e-03
    1.30123013e-16   9.96689166e-01]
 [  2.17963431e-01   1.00000000e+00   6.26341671e-43 ...,   9.67571116e-02
    1.59827511e-01   2.37956882e-02]
 [  1.46977466e-73   6.26341671e-43   1.00000000e+00 ...,   2.29506362e-05
    1.48641420e-12   1.20372120e-06]
 ..., 
 [  4.60169706e-03   9.67571116e-02   2.29506362e-05 ...,   1.00000000e+00
    9.85232732e-04   6.59362987e-02]
 [  1.30123013e-16   1.59827511e-01   1.48641420e-12 ...,   9.85232732e-04
    1.00000000e+00   1.37681340e-08]
 [  9.96689166e-01   2.37956882e-02   1.20372120e-06 ...,   6.59362987e-02
    1.37681340e-08   1.00000000e+00]]
epoch:  25  errors:  26.4006501856
sigmas:
[[ 591.99880776  515.77709335  103.63325499 ...,  489.74862328
   213.57138212  608.00924048]
 [ 515.77709335  168.61083567  117.99105793 ...,  535.85149717
   760.13946196  320.21410837]
 [ 103.63325499  117.99105793  681.0852665  ...,  406.19277604
   296.05770846  360.51976126]
 ..., 
 [ 489.74862328  535.85149717  406.19277604 ...,  356.39797546
   413.97196683  679.51555352]
 [ 213.57138212  760.13946196  296.05770846 ...,  413.97196683
   670.80039496  301.32213836]
 [ 608.00924048  320.21410837  360.51976126 ...,  679.51555352
   301.32213836  786.97206053]]
