Loading cqt and beats... 
Perform sync
Perform loadInterval2Frame
[[array([], dtype=float64), 'Silence'], [array([ 0, 18]), 'I'], [array([18, 50]), 'V'], [array([50, 81]), 'V'], [array([ 81, 113]), 'C'], [array([113, 130]), 'T'], [array([130, 161]), 'V'], [array([161, 193]), 'C'], [array([193, 242]), "T'"], [array([242, 274]), 'C'], [array([274, 321]), 'O'], [array([], dtype=float64), 'Silence']]
[[array([ 0, 18]), 'I'], [array([18, 50]), 'V'], [array([50, 81]), 'V'], [array([ 81, 113]), 'C'], [array([113, 130]), 'T'], [array([130, 161]), 'V'], [array([161, 193]), 'C'], [array([193, 242]), "T'"], [array([242, 274]), 'C'], [array([274, 321]), 'O']]
sigmas
[[ 2089.40755679  1820.39150027   365.76442937 ...,  1728.52457117
    753.78134865  2145.79289059]
 [ 1820.39150027   595.09706708   416.439028   ...,  1891.24228351
   2682.83926075  1130.16800195]
 [  365.76442937   416.439028    2403.83035236 ...,  1433.62156251
   1044.90955928  1272.42268681]
 ..., 
 [ 1728.52457117  1891.24228351  1433.62156251 ...,  1257.87520752
   1461.07745418  2398.29027865]
 [  753.78134865  2682.83926075  1044.90955928 ...,  1461.07745418
   2367.53080574  1063.48990009]
 [ 2145.79289059  1130.16800195  1272.42268681 ...,  2398.29027865
   1063.48990009  2777.54844891]]
gm.shape:  (322, 322)
[[  1.00000000e+00   8.84885355e-01   1.42281600e-06 ...,   6.49208588e-01
    5.30561399e-02   9.99733779e-01]
 [  8.84885355e-01   1.00000000e+00   4.09281200e-04 ...,   8.29035291e-01
    8.63118935e-01   7.40745486e-01]
 [  1.42281600e-06   4.09281200e-04   1.00000000e+00 ...,   4.24204147e-01
    1.12327391e-01   3.34809502e-01]
 ..., 
 [  6.49208588e-01   8.29035291e-01   4.24204147e-01 ...,   1.00000000e+00
    5.73651263e-01   8.03899856e-01]
 [  5.30561399e-02   8.63118935e-01   1.12327391e-01 ...,   5.73651263e-01
    1.00000000e+00   2.33844070e-01]
 [  9.99733779e-01   7.40745486e-01   3.34809502e-01 ...,   8.03899856e-01
    2.33844070e-01   1.00000000e+00]]
L_true
[[ 1.         -0.05555556 -0.05555556 ..., -0.         -0.         -0.        ]
 [-0.05555556  1.         -0.05555556 ..., -0.         -0.         -0.        ]
 [-0.05555556 -0.05555556  1.         ..., -0.         -0.         -0.        ]
 ..., 
 [-0.         -0.         -0.         ...,  1.         -0.0212766
  -0.0212766 ]
 [-0.         -0.         -0.         ..., -0.0212766   1.         -0.0212766 ]
 [-0.         -0.         -0.         ..., -0.0212766  -0.0212766   1.        ]]
gm.shape, m_true.shape:  (322, 322) (322, 322)
gm is symmetric:  True
m_true is symmetric:  True
errors:  2.66367880177
sigmas:
[[ 2089.40755679  1820.39149977   365.76442937 ...,  1728.52457121
    753.78134864  2145.79289094]
 [ 1820.39149977   595.09706708   416.43902802 ...,  1891.24228359
   2682.83926087  1130.16800191]
 [  365.76442937   416.43902802  2403.83035236 ...,  1433.6215625
   1044.90955927  1272.42268678]
 ..., 
 [ 1728.52457121  1891.24228359  1433.6215625  ...,  1257.87520752
   1461.07745418  2398.29027854]
 [  753.78134864  2682.83926087  1044.90955927 ...,  1461.07745418
   2367.53080574  1063.48990026]
 [ 2145.79289094  1130.16800191  1272.42268678 ...,  2398.29027854
   1063.48990026  2777.54844891]]
saving sigmas to:  ./sigmas/modelReal_batchUpdate_Alpha1000_3000/modelReal_batchUpdate_Alpha1000_3000_step0.npy
gm
[[  1.00000000e+00   8.84885355e-01   1.42281600e-06 ...,   6.49208588e-01
    5.30561399e-02   9.99733779e-01]
 [  8.84885355e-01   1.00000000e+00   4.09281201e-04 ...,   8.29035291e-01
    8.63118935e-01   7.40745486e-01]
 [  1.42281600e-06   4.09281201e-04   1.00000000e+00 ...,   4.24204147e-01
    1.12327391e-01   3.34809502e-01]
 ..., 
 [  6.49208588e-01   8.29035291e-01   4.24204147e-01 ...,   1.00000000e+00
    5.73651263e-01   8.03899856e-01]
 [  5.30561399e-02   8.63118935e-01   1.12327391e-01 ...,   5.73651263e-01
    1.00000000e+00   2.33844070e-01]
 [  9.99733779e-01   7.40745486e-01   3.34809502e-01 ...,   8.03899856e-01
    2.33844070e-01   1.00000000e+00]]
epoch:  0  errors:  2.66367880173
sigmas:
[[ 2089.40755679  1820.39149928   365.76442937 ...,  1728.52457126
    753.78134863  2145.79289129]
 [ 1820.39149928   595.09706708   416.43902803 ...,  1891.24228367
   2682.839261    1130.16800187]
 [  365.76442937   416.43902803  2403.83035236 ...,  1433.62156248
   1044.90955926  1272.42268675]
 ..., 
 [ 1728.52457126  1891.24228367  1433.62156248 ...,  1257.87520752
   1461.07745419  2398.29027843]
 [  753.78134863  2682.839261    1044.90955926 ...,  1461.07745419
   2367.53080574  1063.48990044]
 [ 2145.79289129  1130.16800187  1272.42268675 ...,  2398.29027843
   1063.48990044  2777.54844891]]
saving sigmas to:  ./sigmas/modelReal_batchUpdate_Alpha1000_3000/modelReal_batchUpdate_Alpha1000_3000_step1.npy
gm
[[  1.00000000e+00   8.84885354e-01   1.42281600e-06 ...,   6.49208588e-01
    5.30561399e-02   9.99733779e-01]
 [  8.84885354e-01   1.00000000e+00   4.09281201e-04 ...,   8.29035291e-01
    8.63118935e-01   7.40745486e-01]
 [  1.42281600e-06   4.09281201e-04   1.00000000e+00 ...,   4.24204147e-01
    1.12327391e-01   3.34809502e-01]
 ..., 
 [  6.49208588e-01   8.29035291e-01   4.24204147e-01 ...,   1.00000000e+00
    5.73651263e-01   8.03899856e-01]
 [  5.30561399e-02   8.63118935e-01   1.12327391e-01 ...,   5.73651263e-01
    1.00000000e+00   2.33844070e-01]
 [  9.99733779e-01   7.40745486e-01   3.34809502e-01 ...,   8.03899856e-01
    2.33844070e-01   1.00000000e+00]]
epoch:  1  errors:  2.66367880169
sigmas:
[[ 2089.40755679  1820.39149878   365.76442937 ...,  1728.5245713
    753.78134863  2145.79289164]
 [ 1820.39149878   595.09706708   416.43902805 ...,  1891.24228375
   2682.83926112  1130.16800183]
 [  365.76442937   416.43902805  2403.83035236 ...,  1433.62156247
   1044.90955925  1272.42268672]
 ..., 
 [ 1728.5245713   1891.24228375  1433.62156247 ...,  1257.87520752
   1461.07745419  2398.29027832]
 [  753.78134863  2682.83926112  1044.90955925 ...,  1461.07745419
   2367.53080574  1063.48990062]
 [ 2145.79289164  1130.16800183  1272.42268672 ...,  2398.29027832
   1063.48990062  2777.54844891]]
saving sigmas to:  ./sigmas/modelReal_batchUpdate_Alpha1000_3000/modelReal_batchUpdate_Alpha1000_3000_step2.npy
gm
[[  1.00000000e+00   8.84885354e-01   1.42281600e-06 ...,   6.49208588e-01
    5.30561399e-02   9.99733779e-01]
 [  8.84885354e-01   1.00000000e+00   4.09281201e-04 ...,   8.29035291e-01
    8.63118935e-01   7.40745485e-01]
 [  1.42281600e-06   4.09281201e-04   1.00000000e+00 ...,   4.24204147e-01
    1.12327391e-01   3.34809502e-01]
 ..., 
 [  6.49208588e-01   8.29035291e-01   4.24204147e-01 ...,   1.00000000e+00
    5.73651263e-01   8.03899856e-01]
 [  5.30561399e-02   8.63118935e-01   1.12327391e-01 ...,   5.73651263e-01
    1.00000000e+00   2.33844070e-01]
 [  9.99733779e-01   7.40745485e-01   3.34809502e-01 ...,   8.03899856e-01
    2.33844070e-01   1.00000000e+00]]
epoch:  2  errors:  2.66367880165
sigmas:
[[ 2089.40755679  1820.39149829   365.76442937 ...,  1728.52457134
    753.78134862  2145.79289199]
 [ 1820.39149829   595.09706708   416.43902807 ...,  1891.24228383
   2682.83926125  1130.16800179]
 [  365.76442937   416.43902807  2403.83035236 ...,  1433.62156246
   1044.90955924  1272.42268669]
 ..., 
 [ 1728.52457134  1891.24228383  1433.62156246 ...,  1257.87520752
   1461.0774542   2398.29027821]
 [  753.78134862  2682.83926125  1044.90955924 ...,  1461.0774542
   2367.53080574  1063.4899008 ]
 [ 2145.79289199  1130.16800179  1272.42268669 ...,  2398.29027821
   1063.4899008   2777.54844891]]
saving sigmas to:  ./sigmas/modelReal_batchUpdate_Alpha1000_3000/modelReal_batchUpdate_Alpha1000_3000_step3.npy
gm
[[  1.00000000e+00   8.84885354e-01   1.42281600e-06 ...,   6.49208588e-01
    5.30561399e-02   9.99733779e-01]
 [  8.84885354e-01   1.00000000e+00   4.09281201e-04 ...,   8.29035291e-01
    8.63118935e-01   7.40745485e-01]
 [  1.42281600e-06   4.09281201e-04   1.00000000e+00 ...,   4.24204147e-01
    1.12327391e-01   3.34809502e-01]
 ..., 
 [  6.49208588e-01   8.29035291e-01   4.24204147e-01 ...,   1.00000000e+00
    5.73651263e-01   8.03899856e-01]
 [  5.30561399e-02   8.63118935e-01   1.12327391e-01 ...,   5.73651263e-01
    1.00000000e+00   2.33844070e-01]
 [  9.99733779e-01   7.40745485e-01   3.34809502e-01 ...,   8.03899856e-01
    2.33844070e-01   1.00000000e+00]]
epoch:  3  errors:  2.66367880161
sigmas:
[[ 2089.40755679  1820.39149779   365.76442937 ...,  1728.52457139
    753.78134861  2145.79289234]
 [ 1820.39149779   595.09706708   416.43902808 ...,  1891.24228391
   2682.83926137  1130.16800175]
 [  365.76442937   416.43902808  2403.83035236 ...,  1433.62156244
   1044.90955923  1272.42268667]
 ..., 
 [ 1728.52457139  1891.24228391  1433.62156244 ...,  1257.87520752
   1461.0774542   2398.2902781 ]
 [  753.78134861  2682.83926137  1044.90955923 ...,  1461.0774542
   2367.53080574  1063.48990097]
 [ 2145.79289234  1130.16800175  1272.42268667 ...,  2398.2902781
   1063.48990097  2777.54844891]]
saving sigmas to:  ./sigmas/modelReal_batchUpdate_Alpha1000_3000/modelReal_batchUpdate_Alpha1000_3000_step4.npy
gm
[[  1.00000000e+00   8.84885354e-01   1.42281600e-06 ...,   6.49208588e-01
    5.30561399e-02   9.99733779e-01]
 [  8.84885354e-01   1.00000000e+00   4.09281202e-04 ...,   8.29035291e-01
    8.63118935e-01   7.40745485e-01]
 [  1.42281600e-06   4.09281202e-04   1.00000000e+00 ...,   4.24204147e-01
    1.12327391e-01   3.34809502e-01]
 ..., 
 [  6.49208588e-01   8.29035291e-01   4.24204147e-01 ...,   1.00000000e+00
    5.73651263e-01   8.03899856e-01]
 [  5.30561399e-02   8.63118935e-01   1.12327391e-01 ...,   5.73651263e-01
    1.00000000e+00   2.33844070e-01]
 [  9.99733779e-01   7.40745485e-01   3.34809502e-01 ...,   8.03899856e-01
    2.33844070e-01   1.00000000e+00]]
epoch:  4  errors:  2.66367880156
sigmas:
[[ 2089.40755679  1820.3914973    365.76442937 ...,  1728.52457143
    753.78134861  2145.79289269]
 [ 1820.3914973    595.09706708   416.4390281  ...,  1891.24228399
   2682.83926149  1130.16800171]
 [  365.76442937   416.4390281   2403.83035236 ...,  1433.62156243
   1044.90955923  1272.42268664]
 ..., 
 [ 1728.52457143  1891.24228399  1433.62156243 ...,  1257.87520752
   1461.0774542   2398.29027799]
 [  753.78134861  2682.83926149  1044.90955923 ...,  1461.0774542
   2367.53080574  1063.48990115]
 [ 2145.79289269  1130.16800171  1272.42268664 ...,  2398.29027799
   1063.48990115  2777.54844891]]
saving sigmas to:  ./sigmas/modelReal_batchUpdate_Alpha1000_3000/modelReal_batchUpdate_Alpha1000_3000_step5.npy
gm
[[  1.00000000e+00   8.84885354e-01   1.42281600e-06 ...,   6.49208588e-01
    5.30561399e-02   9.99733779e-01]
 [  8.84885354e-01   1.00000000e+00   4.09281202e-04 ...,   8.29035291e-01
    8.63118935e-01   7.40745485e-01]
 [  1.42281600e-06   4.09281202e-04   1.00000000e+00 ...,   4.24204147e-01
    1.12327391e-01   3.34809502e-01]
 ..., 
 [  6.49208588e-01   8.29035291e-01   4.24204147e-01 ...,   1.00000000e+00
    5.73651263e-01   8.03899856e-01]
 [  5.30561399e-02   8.63118935e-01   1.12327391e-01 ...,   5.73651263e-01
    1.00000000e+00   2.33844070e-01]
 [  9.99733779e-01   7.40745485e-01   3.34809502e-01 ...,   8.03899856e-01
    2.33844070e-01   1.00000000e+00]]
epoch:  5  errors:  2.66367880152
sigmas:
[[ 2089.40755679  1820.3914968    365.76442937 ...,  1728.52457148
    753.7813486   2145.79289303]
 [ 1820.3914968    595.09706708   416.43902812 ...,  1891.24228407
   2682.83926162  1130.16800167]
 [  365.76442937   416.43902812  2403.83035236 ...,  1433.62156242
   1044.90955922  1272.42268661]
 ..., 
 [ 1728.52457148  1891.24228407  1433.62156242 ...,  1257.87520752
   1461.07745421  2398.29027787]
 [  753.7813486   2682.83926162  1044.90955922 ...,  1461.07745421
   2367.53080574  1063.48990133]
 [ 2145.79289303  1130.16800167  1272.42268661 ...,  2398.29027787
   1063.48990133  2777.54844891]]
saving sigmas to:  ./sigmas/modelReal_batchUpdate_Alpha1000_3000/modelReal_batchUpdate_Alpha1000_3000_step6.npy
gm
[[  1.00000000e+00   8.84885354e-01   1.42281600e-06 ...,   6.49208588e-01
    5.30561399e-02   9.99733779e-01]
 [  8.84885354e-01   1.00000000e+00   4.09281202e-04 ...,   8.29035291e-01
    8.63118935e-01   7.40745485e-01]
 [  1.42281600e-06   4.09281202e-04   1.00000000e+00 ...,   4.24204147e-01
    1.12327391e-01   3.34809502e-01]
 ..., 
 [  6.49208588e-01   8.29035291e-01   4.24204147e-01 ...,   1.00000000e+00
    5.73651263e-01   8.03899856e-01]
 [  5.30561399e-02   8.63118935e-01   1.12327391e-01 ...,   5.73651263e-01
    1.00000000e+00   2.33844071e-01]
 [  9.99733779e-01   7.40745485e-01   3.34809502e-01 ...,   8.03899856e-01
    2.33844071e-01   1.00000000e+00]]
epoch:  6  errors:  2.66367880148
sigmas:
[[ 2089.40755679  1820.3914963    365.76442937 ...,  1728.52457152
    753.78134859  2145.79289338]
 [ 1820.3914963    595.09706708   416.43902814 ...,  1891.24228415
   2682.83926174  1130.16800163]
 [  365.76442937   416.43902814  2403.83035236 ...,  1433.6215624
   1044.90955921  1272.42268658]
 ..., 
 [ 1728.52457152  1891.24228415  1433.6215624  ...,  1257.87520752
   1461.07745421  2398.29027776]
 [  753.78134859  2682.83926174  1044.90955921 ...,  1461.07745421
   2367.53080574  1063.4899015 ]
 [ 2145.79289338  1130.16800163  1272.42268658 ...,  2398.29027776
   1063.4899015   2777.54844891]]
saving sigmas to:  ./sigmas/modelReal_batchUpdate_Alpha1000_3000/modelReal_batchUpdate_Alpha1000_3000_step7.npy
gm
[[  1.00000000e+00   8.84885354e-01   1.42281600e-06 ...,   6.49208588e-01
    5.30561399e-02   9.99733779e-01]
 [  8.84885354e-01   1.00000000e+00   4.09281202e-04 ...,   8.29035291e-01
    8.63118935e-01   7.40745485e-01]
 [  1.42281600e-06   4.09281202e-04   1.00000000e+00 ...,   4.24204147e-01
    1.12327391e-01   3.34809502e-01]
 ..., 
 [  6.49208588e-01   8.29035291e-01   4.24204147e-01 ...,   1.00000000e+00
    5.73651263e-01   8.03899856e-01]
 [  5.30561399e-02   8.63118935e-01   1.12327391e-01 ...,   5.73651263e-01
    1.00000000e+00   2.33844071e-01]
 [  9.99733779e-01   7.40745485e-01   3.34809502e-01 ...,   8.03899856e-01
    2.33844071e-01   1.00000000e+00]]
epoch:  7  errors:  2.66367880144
sigmas:
[[ 2089.40755679  1820.39149581   365.76442937 ...,  1728.52457157
    753.78134859  2145.79289373]
 [ 1820.39149581   595.09706708   416.43902815 ...,  1891.24228423
   2682.83926186  1130.16800159]
 [  365.76442937   416.43902815  2403.83035236 ...,  1433.62156239
   1044.9095592   1272.42268655]
 ..., 
 [ 1728.52457157  1891.24228423  1433.62156239 ...,  1257.87520752
   1461.07745422  2398.29027765]
 [  753.78134859  2682.83926186  1044.9095592  ...,  1461.07745422
   2367.53080574  1063.48990168]
 [ 2145.79289373  1130.16800159  1272.42268655 ...,  2398.29027765
   1063.48990168  2777.54844891]]
saving sigmas to:  ./sigmas/modelReal_batchUpdate_Alpha1000_3000/modelReal_batchUpdate_Alpha1000_3000_step8.npy
gm
[[  1.00000000e+00   8.84885354e-01   1.42281600e-06 ...,   6.49208588e-01
    5.30561399e-02   9.99733779e-01]
 [  8.84885354e-01   1.00000000e+00   4.09281203e-04 ...,   8.29035291e-01
    8.63118935e-01   7.40745485e-01]
 [  1.42281600e-06   4.09281203e-04   1.00000000e+00 ...,   4.24204147e-01
    1.12327391e-01   3.34809502e-01]
 ..., 
 [  6.49208588e-01   8.29035291e-01   4.24204147e-01 ...,   1.00000000e+00
    5.73651263e-01   8.03899856e-01]
 [  5.30561399e-02   8.63118935e-01   1.12327391e-01 ...,   5.73651263e-01
    1.00000000e+00   2.33844071e-01]
 [  9.99733779e-01   7.40745485e-01   3.34809502e-01 ...,   8.03899856e-01
    2.33844071e-01   1.00000000e+00]]
epoch:  8  errors:  2.6636788014
sigmas:
[[ 2089.40755679  1820.39149531   365.76442937 ...,  1728.52457161
    753.78134858  2145.79289408]
 [ 1820.39149531   595.09706708   416.43902817 ...,  1891.24228431
   2682.83926199  1130.16800155]
 [  365.76442937   416.43902817  2403.83035236 ...,  1433.62156237
   1044.90955919  1272.42268652]
 ..., 
 [ 1728.52457161  1891.24228431  1433.62156237 ...,  1257.87520752
   1461.07745422  2398.29027754]
 [  753.78134858  2682.83926199  1044.90955919 ...,  1461.07745422
   2367.53080574  1063.48990186]
 [ 2145.79289408  1130.16800155  1272.42268652 ...,  2398.29027754
   1063.48990186  2777.54844891]]
saving sigmas to:  ./sigmas/modelReal_batchUpdate_Alpha1000_3000/modelReal_batchUpdate_Alpha1000_3000_step9.npy
gm
[[  1.00000000e+00   8.84885354e-01   1.42281600e-06 ...,   6.49208588e-01
    5.30561399e-02   9.99733779e-01]
 [  8.84885354e-01   1.00000000e+00   4.09281203e-04 ...,   8.29035291e-01
    8.63118935e-01   7.40745485e-01]
 [  1.42281600e-06   4.09281203e-04   1.00000000e+00 ...,   4.24204147e-01
    1.12327391e-01   3.34809502e-01]
 ..., 
 [  6.49208588e-01   8.29035291e-01   4.24204147e-01 ...,   1.00000000e+00
    5.73651263e-01   8.03899856e-01]
 [  5.30561399e-02   8.63118935e-01   1.12327391e-01 ...,   5.73651263e-01
    1.00000000e+00   2.33844071e-01]
 [  9.99733779e-01   7.40745485e-01   3.34809502e-01 ...,   8.03899856e-01
    2.33844071e-01   1.00000000e+00]]
epoch:  9  errors:  2.66367880136
[2.6636788017289312, 2.6636788016876882, 2.6636788016464417, 2.6636788016051907, 2.6636788015639423, 2.6636788015226909, 2.663678801481451, 2.6636788014402026, 2.6636788013989596, 2.6636788013577131]
