Loading cqt and beats... 
Perform sync
Perform loadInterval2Frame
[[array([], dtype=float64), 'Silence'], [array([ 0, 18]), 'I'], [array([18, 50]), 'V'], [array([50, 81]), 'V'], [array([ 81, 113]), 'C'], [array([113, 130]), 'T'], [array([130, 161]), 'V'], [array([161, 193]), 'C'], [array([193, 242]), "T'"], [array([242, 274]), 'C'], [array([274, 321]), 'O'], [array([], dtype=float64), 'Silence']]
[[array([ 0, 18]), 'I'], [array([18, 50]), 'V'], [array([50, 81]), 'V'], [array([ 81, 113]), 'C'], [array([113, 130]), 'T'], [array([130, 161]), 'V'], [array([161, 193]), 'C'], [array([193, 242]), "T'"], [array([242, 274]), 'C'], [array([274, 321]), 'O']]
sigmas
[[ 1392.9383712   1213.59433351   243.84295291 ...,  1152.34971411
    502.5208991   1430.52859373]
 [ 1213.59433351   396.73137805   277.62601867 ...,  1260.82818901
   1788.55950717   753.44533464]
 [  243.84295291   277.62601867  1602.55356824 ...,   955.74770834
    696.60637285   848.28179121]
 ..., 
 [ 1152.34971411  1260.82818901   955.74770834 ...,   838.58347168
    974.05163612  1598.86018577]
 [  502.5208991   1788.55950717   696.60637285 ...,   974.05163612
   1578.35387049   708.99326672]
 [ 1430.52859373   753.44533464   848.28179121 ...,  1598.86018577
    708.99326672  1851.69896594]]
gm.shape:  (322, 322)
[[  1.00000000e+00   7.59444020e-01   6.99173031e-14 ...,   3.78324596e-01
    1.35099957e-03   9.99401102e-01]
 [  7.59444020e-01   1.00000000e+00   2.38258851e-08 ...,   6.55826998e-01
    7.18057049e-01   5.09043950e-01]
 [  6.99173031e-14   2.38258851e-08   1.00000000e+00 ...,   1.45225723e-01
    7.30453811e-03   8.52697506e-02]
 ..., 
 [  3.78324596e-01   6.55826998e-01   1.45225723e-01 ...,   1.00000000e+00
    2.86390031e-01   6.11933727e-01]
 [  1.35099957e-03   7.18057049e-01   7.30453811e-03 ...,   2.86390031e-01
    1.00000000e+00   3.80263212e-02]
 [  9.99401102e-01   5.09043950e-01   8.52697506e-02 ...,   6.11933727e-01
    3.80263212e-02   1.00000000e+00]]
L_true
[[ 1.         -0.05555556 -0.05555556 ..., -0.         -0.         -0.        ]
 [-0.05555556  1.         -0.05555556 ..., -0.         -0.         -0.        ]
 [-0.05555556 -0.05555556  1.         ..., -0.         -0.         -0.        ]
 ..., 
 [-0.         -0.         -0.         ...,  1.         -0.0212766
  -0.0212766 ]
 [-0.         -0.         -0.         ..., -0.0212766   1.         -0.0212766 ]
 [-0.         -0.         -0.         ..., -0.0212766  -0.0212766   1.        ]]
gm.shape, m_true.shape:  (322, 322) (322, 322)
gm is symmetric:  True
m_true is symmetric:  True
errors:  3.44524916855
sigmas:
[[ 1392.9383712   1213.59433191   243.84295291 ...,  1152.34971406
    502.5208991   1430.5286002 ]
 [ 1213.59433191   396.73137805   277.62601867 ...,  1260.82818966
   1788.5595086    753.44533344]
 [  243.84295291   277.62601867  1602.55356824 ...,   955.74770825
    696.60637285   848.28179113]
 ..., 
 [ 1152.34971406  1260.82818966   955.74770825 ...,   838.58347168
    974.05163644  1598.86018572]
 [  502.5208991   1788.5595086    696.60637285 ...,   974.05163644
   1578.35387049   708.99326721]
 [ 1430.5286002    753.44533344   848.28179113 ...,  1598.86018572
    708.99326721  1851.69896594]]
saving sigmas to:  ./sigmas/modelReal_singleUpdateII_Alpha1500_2000/modelReal_singleUpdateII_Alpha1500_2000_step0.npy
gm
[[  1.00000000e+00   7.59444019e-01   6.99173031e-14 ...,   3.78324596e-01
    1.35099957e-03   9.99401102e-01]
 [  7.59444019e-01   1.00000000e+00   2.38258851e-08 ...,   6.55826998e-01
    7.18057049e-01   5.09043949e-01]
 [  6.99173031e-14   2.38258851e-08   1.00000000e+00 ...,   1.45225723e-01
    7.30453811e-03   8.52697505e-02]
 ..., 
 [  3.78324596e-01   6.55826998e-01   1.45225723e-01 ...,   1.00000000e+00
    2.86390032e-01   6.11933726e-01]
 [  1.35099957e-03   7.18057049e-01   7.30453811e-03 ...,   2.86390032e-01
    1.00000000e+00   3.80263213e-02]
 [  9.99401102e-01   5.09043949e-01   8.52697505e-02 ...,   6.11933726e-01
    3.80263213e-02   1.00000000e+00]]
epoch:  0  errors:  3.44524916896
sigmas:
[[ 1392.9383712   1213.5943303    243.84295291 ...,  1152.349714
    502.5208991   1430.52860666]
 [ 1213.5943303    396.73137805   277.62601867 ...,  1260.82819031
   1788.55951004   753.44533225]
 [  243.84295291   277.62601867  1602.55356824 ...,   955.74770816
    696.60637285   848.28179106]
 ..., 
 [ 1152.349714    1260.82819031   955.74770816 ...,   838.58347168
    974.05163677  1598.86018568]
 [  502.5208991   1788.55951004   696.60637285 ...,   974.05163677
   1578.35387049   708.99326769]
 [ 1430.52860666   753.44533225   848.28179106 ...,  1598.86018568
    708.99326769  1851.69896594]]
saving sigmas to:  ./sigmas/modelReal_singleUpdateII_Alpha1500_2000/modelReal_singleUpdateII_Alpha1500_2000_step1.npy
gm
[[  1.00000000e+00   7.59444018e-01   6.99173031e-14 ...,   3.78324596e-01
    1.35099957e-03   9.99401102e-01]
 [  7.59444018e-01   1.00000000e+00   2.38258851e-08 ...,   6.55826999e-01
    7.18057050e-01   5.09043948e-01]
 [  6.99173031e-14   2.38258851e-08   1.00000000e+00 ...,   1.45225723e-01
    7.30453811e-03   8.52697505e-02]
 ..., 
 [  3.78324596e-01   6.55826999e-01   1.45225723e-01 ...,   1.00000000e+00
    2.86390032e-01   6.11933726e-01]
 [  1.35099957e-03   7.18057050e-01   7.30453811e-03 ...,   2.86390032e-01
    1.00000000e+00   3.80263215e-02]
 [  9.99401102e-01   5.09043948e-01   8.52697505e-02 ...,   6.11933726e-01
    3.80263215e-02   1.00000000e+00]]
epoch:  1  errors:  3.44524916937
sigmas:
[[ 1392.9383712   1213.59432869   243.84295291 ...,  1152.34971395
    502.5208991   1430.52861313]
 [ 1213.59432869   396.73137805   277.62601867 ...,  1260.82819096
   1788.55951147   753.44533105]
 [  243.84295291   277.62601867  1602.55356824 ...,   955.74770807
    696.60637285   848.28179099]
 ..., 
 [ 1152.34971395  1260.82819096   955.74770807 ...,   838.58347168
    974.0516371   1598.86018563]
 [  502.5208991   1788.55951147   696.60637285 ...,   974.0516371
   1578.35387049   708.99326817]
 [ 1430.52861313   753.44533105   848.28179099 ...,  1598.86018563
    708.99326817  1851.69896594]]
saving sigmas to:  ./sigmas/modelReal_singleUpdateII_Alpha1500_2000/modelReal_singleUpdateII_Alpha1500_2000_step2.npy
gm
[[  1.00000000e+00   7.59444018e-01   6.99173031e-14 ...,   3.78324596e-01
    1.35099957e-03   9.99401102e-01]
 [  7.59444018e-01   1.00000000e+00   2.38258851e-08 ...,   6.55826999e-01
    7.18057050e-01   5.09043947e-01]
 [  6.99173031e-14   2.38258851e-08   1.00000000e+00 ...,   1.45225723e-01
    7.30453811e-03   8.52697505e-02]
 ..., 
 [  3.78324596e-01   6.55826999e-01   1.45225723e-01 ...,   1.00000000e+00
    2.86390032e-01   6.11933726e-01]
 [  1.35099957e-03   7.18057050e-01   7.30453811e-03 ...,   2.86390032e-01
    1.00000000e+00   3.80263217e-02]
 [  9.99401102e-01   5.09043947e-01   8.52697505e-02 ...,   6.11933726e-01
    3.80263217e-02   1.00000000e+00]]
epoch:  2  errors:  3.44524916978
sigmas:
[[ 1392.9383712   1213.59432709   243.84295291 ...,  1152.3497139
    502.5208991   1430.5286196 ]
 [ 1213.59432709   396.73137805   277.62601867 ...,  1260.82819162
   1788.55951291   753.44532986]
 [  243.84295291   277.62601867  1602.55356824 ...,   955.74770798
    696.60637285   848.28179092]
 ..., 
 [ 1152.3497139   1260.82819162   955.74770798 ...,   838.58347168
    974.05163742  1598.86018559]
 [  502.5208991   1788.55951291   696.60637285 ...,   974.05163742
   1578.35387049   708.99326865]
 [ 1430.5286196    753.44532986   848.28179092 ...,  1598.86018559
    708.99326865  1851.69896594]]
saving sigmas to:  ./sigmas/modelReal_singleUpdateII_Alpha1500_2000/modelReal_singleUpdateII_Alpha1500_2000_step3.npy
gm
[[  1.00000000e+00   7.59444017e-01   6.99173031e-14 ...,   3.78324596e-01
    1.35099957e-03   9.99401102e-01]
 [  7.59444017e-01   1.00000000e+00   2.38258851e-08 ...,   6.55826999e-01
    7.18057050e-01   5.09043945e-01]
 [  6.99173031e-14   2.38258851e-08   1.00000000e+00 ...,   1.45225723e-01
    7.30453811e-03   8.52697504e-02]
 ..., 
 [  3.78324596e-01   6.55826999e-01   1.45225723e-01 ...,   1.00000000e+00
    2.86390032e-01   6.11933726e-01]
 [  1.35099957e-03   7.18057050e-01   7.30453811e-03 ...,   2.86390032e-01
    1.00000000e+00   3.80263218e-02]
 [  9.99401102e-01   5.09043945e-01   8.52697504e-02 ...,   6.11933726e-01
    3.80263218e-02   1.00000000e+00]]
epoch:  3  errors:  3.44524917019
sigmas:
[[ 1392.9383712   1213.59432548   243.84295291 ...,  1152.34971384
    502.5208991   1430.52862606]
 [ 1213.59432548   396.73137805   277.62601867 ...,  1260.82819227
   1788.55951434   753.44532867]
 [  243.84295291   277.62601867  1602.55356824 ...,   955.74770789
    696.60637285   848.28179084]
 ..., 
 [ 1152.34971384  1260.82819227   955.74770789 ...,   838.58347168
    974.05163775  1598.86018554]
 [  502.5208991   1788.55951434   696.60637285 ...,   974.05163775
   1578.35387049   708.99326913]
 [ 1430.52862606   753.44532867   848.28179084 ...,  1598.86018554
    708.99326913  1851.69896594]]
saving sigmas to:  ./sigmas/modelReal_singleUpdateII_Alpha1500_2000/modelReal_singleUpdateII_Alpha1500_2000_step4.npy
gm
[[  1.00000000e+00   7.59444017e-01   6.99173031e-14 ...,   3.78324596e-01
    1.35099957e-03   9.99401102e-01]
 [  7.59444017e-01   1.00000000e+00   2.38258851e-08 ...,   6.55827000e-01
    7.18057051e-01   5.09043944e-01]
 [  6.99173031e-14   2.38258851e-08   1.00000000e+00 ...,   1.45225723e-01
    7.30453811e-03   8.52697504e-02]
 ..., 
 [  3.78324596e-01   6.55827000e-01   1.45225723e-01 ...,   1.00000000e+00
    2.86390033e-01   6.11933726e-01]
 [  1.35099957e-03   7.18057051e-01   7.30453811e-03 ...,   2.86390033e-01
    1.00000000e+00   3.80263220e-02]
 [  9.99401102e-01   5.09043944e-01   8.52697504e-02 ...,   6.11933726e-01
    3.80263220e-02   1.00000000e+00]]
epoch:  4  errors:  3.4452491706
