Loading cqt and beats... 
Perform sync
Perform loadInterval2Frame
[[array([], dtype=float64), 'Silence'], [array([ 0, 18]), 'I'], [array([18, 50]), 'V'], [array([50, 81]), 'V'], [array([ 81, 113]), 'C'], [array([113, 130]), 'T'], [array([130, 161]), 'V'], [array([161, 193]), 'C'], [array([193, 242]), "T'"], [array([242, 274]), 'C'], [array([274, 321]), 'O'], [array([], dtype=float64), 'Silence']]
[[array([ 0, 18]), 'I'], [array([18, 50]), 'V'], [array([50, 81]), 'V'], [array([ 81, 113]), 'C'], [array([113, 130]), 'T'], [array([130, 161]), 'V'], [array([161, 193]), 'C'], [array([193, 242]), "T'"], [array([242, 274]), 'C'], [array([274, 321]), 'O']]
sigmas
[[ 1741.17296399  1516.99291689   304.80369114 ...,  1440.43714264
    628.15112387  1788.16074216]
 [ 1516.99291689   495.91422257   347.03252333 ...,  1576.03523626
   2235.69938396   941.80666829]
 [  304.80369114   347.03252333  2003.1919603  ...,  1194.68463543
    870.75796606  1060.35223901]
 ..., 
 [ 1440.43714264  1576.03523626  1194.68463543 ...,  1048.2293396
   1217.56454515  1998.57523221]
 [  628.15112387  2235.69938396   870.75796606 ...,  1217.56454515
   1972.94233811   886.24158341]
 [ 1788.16074216   941.80666829  1060.35223901 ...,  1998.57523221
    886.24158341  2314.62370743]]
gm.shape:  (322, 322)
[[  1.00000000e+00   8.38527462e-01   3.80657322e-09 ...,   5.36825737e-01
    1.45753615e-02   9.99616664e-01]
 [  8.38527462e-01   1.00000000e+00   1.32224334e-05 ...,   7.63387679e-01
    8.08987345e-01   6.49117592e-01]
 [  3.80657322e-09   1.32224334e-05   1.00000000e+00 ...,   2.90875987e-01
    4.29239189e-02   2.06875374e-01]
 ..., 
 [  5.36825737e-01   7.63387679e-01   2.90875987e-01 ...,   1.00000000e+00
    4.49213764e-01   7.30282359e-01]
 [  1.45753615e-02   8.08987345e-01   4.29239189e-02 ...,   4.49213764e-01
    1.00000000e+00   1.23382612e-01]
 [  9.99616664e-01   6.49117592e-01   2.06875374e-01 ...,   7.30282359e-01
    1.23382612e-01   1.00000000e+00]]
L_true
[[ 1.         -0.05555556 -0.05555556 ..., -0.         -0.         -0.        ]
 [-0.05555556  1.         -0.05555556 ..., -0.         -0.         -0.        ]
 [-0.05555556 -0.05555556  1.         ..., -0.         -0.         -0.        ]
 ..., 
 [-0.         -0.         -0.         ...,  1.         -0.0212766
  -0.0212766 ]
 [-0.         -0.         -0.         ..., -0.0212766   1.         -0.0212766 ]
 [-0.         -0.         -0.         ..., -0.0212766  -0.0212766   1.        ]]
gm.shape, m_true.shape:  (322, 322) (322, 322)
gm is symmetric:  True
m_true is symmetric:  True
errors:  2.87567045918
sigmas:
[[ 1741.17296399  1516.9929161    304.80369114 ...,  1440.4371427
    628.15112387  1788.16074322]
 [ 1516.9929161    495.91422257   347.03252333 ...,  1576.03523644
   2235.69938427   941.80666813]
 [  304.80369114   347.03252333  2003.1919603  ...,  1194.68463539
    870.75796606  1060.35223896]
 ..., 
 [ 1440.4371427   1576.03523644  1194.68463539 ...,  1048.2293396
   1217.5645452   1998.57523208]
 [  628.15112387  2235.69938427   870.75796606 ...,  1217.5645452
   1972.94233811   886.24158367]
 [ 1788.16074322   941.80666813  1060.35223896 ...,  1998.57523208
    886.24158367  2314.62370743]]
saving sigmas to:  ./sigmas/modelReal_batchUpdate_Alpha1000_2500/modelReal_batchUpdate_Alpha1000_2500_step0.npy
gm
[[  1.00000000e+00   8.38527462e-01   3.80657322e-09 ...,   5.36825737e-01
    1.45753615e-02   9.99616664e-01]
 [  8.38527462e-01   1.00000000e+00   1.32224334e-05 ...,   7.63387679e-01
    8.08987345e-01   6.49117592e-01]
 [  3.80657322e-09   1.32224334e-05   1.00000000e+00 ...,   2.90875987e-01
    4.29239189e-02   2.06875373e-01]
 ..., 
 [  5.36825737e-01   7.63387679e-01   2.90875987e-01 ...,   1.00000000e+00
    4.49213764e-01   7.30282359e-01]
 [  1.45753615e-02   8.08987345e-01   4.29239189e-02 ...,   4.49213764e-01
    1.00000000e+00   1.23382612e-01]
 [  9.99616664e-01   6.49117592e-01   2.06875373e-01 ...,   7.30282359e-01
    1.23382612e-01   1.00000000e+00]]
epoch:  0  errors:  2.87567045913
sigmas:
[[ 1741.17296399  1516.99291531   304.80369114 ...,  1440.43714275
    628.15112387  1788.16074429]
 [ 1516.99291531   495.91422257   347.03252334 ...,  1576.03523661
   2235.69938457   941.80666796]
 [  304.80369114   347.03252334  2003.1919603  ...,  1194.68463536
    870.75796606  1060.35223892]
 ..., 
 [ 1440.43714275  1576.03523661  1194.68463536 ...,  1048.2293396
   1217.56454525  1998.57523195]
 [  628.15112387  2235.69938457   870.75796606 ...,  1217.56454525
   1972.94233811   886.24158394]
 [ 1788.16074429   941.80666796  1060.35223892 ...,  1998.57523195
    886.24158394  2314.62370743]]
saving sigmas to:  ./sigmas/modelReal_batchUpdate_Alpha1000_2500/modelReal_batchUpdate_Alpha1000_2500_step1.npy
gm
[[  1.00000000e+00   8.38527462e-01   3.80657322e-09 ...,   5.36825737e-01
    1.45753615e-02   9.99616664e-01]
 [  8.38527462e-01   1.00000000e+00   1.32224334e-05 ...,   7.63387679e-01
    8.08987345e-01   6.49117592e-01]
 [  3.80657322e-09   1.32224334e-05   1.00000000e+00 ...,   2.90875987e-01
    4.29239189e-02   2.06875373e-01]
 ..., 
 [  5.36825737e-01   7.63387679e-01   2.90875987e-01 ...,   1.00000000e+00
    4.49213764e-01   7.30282358e-01]
 [  1.45753615e-02   8.08987345e-01   4.29239189e-02 ...,   4.49213764e-01
    1.00000000e+00   1.23382612e-01]
 [  9.99616664e-01   6.49117592e-01   2.06875373e-01 ...,   7.30282358e-01
    1.23382612e-01   1.00000000e+00]]
epoch:  1  errors:  2.87567045908
sigmas:
[[ 1741.17296399  1516.99291452   304.80369114 ...,  1440.43714281
    628.15112387  1788.16074535]
 [ 1516.99291452   495.91422257   347.03252334 ...,  1576.03523679
   2235.69938488   941.8066678 ]
 [  304.80369114   347.03252334  2003.1919603  ...,  1194.68463533
    870.75796605  1060.35223887]
 ..., 
 [ 1440.43714281  1576.03523679  1194.68463533 ...,  1048.2293396
   1217.56454531  1998.57523183]
 [  628.15112387  2235.69938488   870.75796605 ...,  1217.56454531
   1972.94233811   886.2415842 ]
 [ 1788.16074535   941.8066678   1060.35223887 ...,  1998.57523183
    886.2415842   2314.62370743]]
saving sigmas to:  ./sigmas/modelReal_batchUpdate_Alpha1000_2500/modelReal_batchUpdate_Alpha1000_2500_step2.npy
gm
[[  1.00000000e+00   8.38527462e-01   3.80657322e-09 ...,   5.36825737e-01
    1.45753615e-02   9.99616664e-01]
 [  8.38527462e-01   1.00000000e+00   1.32224334e-05 ...,   7.63387679e-01
    8.08987345e-01   6.49117592e-01]
 [  3.80657322e-09   1.32224334e-05   1.00000000e+00 ...,   2.90875987e-01
    4.29239189e-02   2.06875373e-01]
 ..., 
 [  5.36825737e-01   7.63387679e-01   2.90875987e-01 ...,   1.00000000e+00
    4.49213764e-01   7.30282358e-01]
 [  1.45753615e-02   8.08987345e-01   4.29239189e-02 ...,   4.49213764e-01
    1.00000000e+00   1.23382612e-01]
 [  9.99616664e-01   6.49117592e-01   2.06875373e-01 ...,   7.30282358e-01
    1.23382612e-01   1.00000000e+00]]
epoch:  2  errors:  2.87567045902
sigmas:
[[ 1741.17296399  1516.99291373   304.80369114 ...,  1440.43714287
    628.15112386  1788.16074642]
 [ 1516.99291373   495.91422257   347.03252334 ...,  1576.03523696
   2235.69938519   941.80666763]
 [  304.80369114   347.03252334  2003.1919603  ...,  1194.6846353
    870.75796605  1060.35223883]
 ..., 
 [ 1440.43714287  1576.03523696  1194.6846353  ...,  1048.2293396
   1217.56454536  1998.5752317 ]
 [  628.15112386  2235.69938519   870.75796605 ...,  1217.56454536
   1972.94233811   886.24158447]
 [ 1788.16074642   941.80666763  1060.35223883 ...,  1998.5752317
    886.24158447  2314.62370743]]
saving sigmas to:  ./sigmas/modelReal_batchUpdate_Alpha1000_2500/modelReal_batchUpdate_Alpha1000_2500_step3.npy
gm
[[  1.00000000e+00   8.38527462e-01   3.80657322e-09 ...,   5.36825737e-01
    1.45753615e-02   9.99616664e-01]
 [  8.38527462e-01   1.00000000e+00   1.32224334e-05 ...,   7.63387679e-01
    8.08987345e-01   6.49117592e-01]
 [  3.80657322e-09   1.32224334e-05   1.00000000e+00 ...,   2.90875987e-01
    4.29239189e-02   2.06875373e-01]
 ..., 
 [  5.36825737e-01   7.63387679e-01   2.90875987e-01 ...,   1.00000000e+00
    4.49213764e-01   7.30282358e-01]
 [  1.45753615e-02   8.08987345e-01   4.29239189e-02 ...,   4.49213764e-01
    1.00000000e+00   1.23382613e-01]
 [  9.99616664e-01   6.49117592e-01   2.06875373e-01 ...,   7.30282358e-01
    1.23382613e-01   1.00000000e+00]]
epoch:  3  errors:  2.87567045897
sigmas:
[[ 1741.17296399  1516.99291294   304.80369114 ...,  1440.43714292
    628.15112386  1788.16074748]
 [ 1516.99291294   495.91422257   347.03252334 ...,  1576.03523714
   2235.6993855    941.80666746]
 [  304.80369114   347.03252334  2003.1919603  ...,  1194.68463527
    870.75796604  1060.35223878]
 ..., 
 [ 1440.43714292  1576.03523714  1194.68463527 ...,  1048.2293396
   1217.56454541  1998.57523157]
 [  628.15112386  2235.6993855    870.75796604 ...,  1217.56454541
   1972.94233811   886.24158473]
 [ 1788.16074748   941.80666746  1060.35223878 ...,  1998.57523157
    886.24158473  2314.62370743]]
saving sigmas to:  ./sigmas/modelReal_batchUpdate_Alpha1000_2500/modelReal_batchUpdate_Alpha1000_2500_step4.npy
gm
[[  1.00000000e+00   8.38527461e-01   3.80657322e-09 ...,   5.36825737e-01
    1.45753615e-02   9.99616664e-01]
 [  8.38527461e-01   1.00000000e+00   1.32224334e-05 ...,   7.63387679e-01
    8.08987345e-01   6.49117591e-01]
 [  3.80657322e-09   1.32224334e-05   1.00000000e+00 ...,   2.90875987e-01
    4.29239189e-02   2.06875373e-01]
 ..., 
 [  5.36825737e-01   7.63387679e-01   2.90875987e-01 ...,   1.00000000e+00
    4.49213764e-01   7.30282358e-01]
 [  1.45753615e-02   8.08987345e-01   4.29239189e-02 ...,   4.49213764e-01
    1.00000000e+00   1.23382613e-01]
 [  9.99616664e-01   6.49117591e-01   2.06875373e-01 ...,   7.30282358e-01
    1.23382613e-01   1.00000000e+00]]
epoch:  4  errors:  2.87567045891
sigmas:
[[ 1741.17296399  1516.99291215   304.80369114 ...,  1440.43714298
    628.15112386  1788.16074855]
 [ 1516.99291215   495.91422257   347.03252334 ...,  1576.03523732
   2235.6993858    941.8066673 ]
 [  304.80369114   347.03252334  2003.1919603  ...,  1194.68463523
    870.75796604  1060.35223874]
 ..., 
 [ 1440.43714298  1576.03523732  1194.68463523 ...,  1048.2293396
   1217.56454546  1998.57523144]
 [  628.15112386  2235.6993858    870.75796604 ...,  1217.56454546
   1972.94233811   886.241585  ]
 [ 1788.16074855   941.8066673   1060.35223874 ...,  1998.57523144
    886.241585    2314.62370743]]
saving sigmas to:  ./sigmas/modelReal_batchUpdate_Alpha1000_2500/modelReal_batchUpdate_Alpha1000_2500_step5.npy
gm
[[  1.00000000e+00   8.38527461e-01   3.80657322e-09 ...,   5.36825737e-01
    1.45753615e-02   9.99616664e-01]
 [  8.38527461e-01   1.00000000e+00   1.32224334e-05 ...,   7.63387679e-01
    8.08987345e-01   6.49117591e-01]
 [  3.80657322e-09   1.32224334e-05   1.00000000e+00 ...,   2.90875987e-01
    4.29239189e-02   2.06875373e-01]
 ..., 
 [  5.36825737e-01   7.63387679e-01   2.90875987e-01 ...,   1.00000000e+00
    4.49213764e-01   7.30282358e-01]
 [  1.45753615e-02   8.08987345e-01   4.29239189e-02 ...,   4.49213764e-01
    1.00000000e+00   1.23382613e-01]
 [  9.99616664e-01   6.49117591e-01   2.06875373e-01 ...,   7.30282358e-01
    1.23382613e-01   1.00000000e+00]]
epoch:  5  errors:  2.87567045886
sigmas:
[[ 1741.17296399  1516.99291137   304.80369114 ...,  1440.43714304
    628.15112386  1788.16074961]
 [ 1516.99291137   495.91422257   347.03252334 ...,  1576.03523749
   2235.69938611   941.80666713]
 [  304.80369114   347.03252334  2003.1919603  ...,  1194.6846352
    870.75796603  1060.35223869]
 ..., 
 [ 1440.43714304  1576.03523749  1194.6846352  ...,  1048.2293396
   1217.56454552  1998.57523131]
 [  628.15112386  2235.69938611   870.75796603 ...,  1217.56454552
   1972.94233811   886.24158526]
 [ 1788.16074961   941.80666713  1060.35223869 ...,  1998.57523131
    886.24158526  2314.62370743]]
saving sigmas to:  ./sigmas/modelReal_batchUpdate_Alpha1000_2500/modelReal_batchUpdate_Alpha1000_2500_step6.npy
gm
[[  1.00000000e+00   8.38527461e-01   3.80657322e-09 ...,   5.36825737e-01
    1.45753615e-02   9.99616664e-01]
 [  8.38527461e-01   1.00000000e+00   1.32224334e-05 ...,   7.63387680e-01
    8.08987345e-01   6.49117591e-01]
 [  3.80657322e-09   1.32224334e-05   1.00000000e+00 ...,   2.90875987e-01
    4.29239189e-02   2.06875373e-01]
 ..., 
 [  5.36825737e-01   7.63387680e-01   2.90875987e-01 ...,   1.00000000e+00
    4.49213764e-01   7.30282358e-01]
 [  1.45753615e-02   8.08987345e-01   4.29239189e-02 ...,   4.49213764e-01
    1.00000000e+00   1.23382613e-01]
 [  9.99616664e-01   6.49117591e-01   2.06875373e-01 ...,   7.30282358e-01
    1.23382613e-01   1.00000000e+00]]
epoch:  6  errors:  2.87567045881
sigmas:
[[ 1741.17296399  1516.99291058   304.80369114 ...,  1440.43714309
    628.15112386  1788.16075067]
 [ 1516.99291058   495.91422257   347.03252334 ...,  1576.03523767
   2235.69938642   941.80666696]
 [  304.80369114   347.03252334  2003.1919603  ...,  1194.68463517
    870.75796603  1060.35223865]
 ..., 
 [ 1440.43714309  1576.03523767  1194.68463517 ...,  1048.2293396
   1217.56454557  1998.57523118]
 [  628.15112386  2235.69938642   870.75796603 ...,  1217.56454557
   1972.94233811   886.24158553]
 [ 1788.16075067   941.80666696  1060.35223865 ...,  1998.57523118
    886.24158553  2314.62370743]]
saving sigmas to:  ./sigmas/modelReal_batchUpdate_Alpha1000_2500/modelReal_batchUpdate_Alpha1000_2500_step7.npy
gm
[[  1.00000000e+00   8.38527461e-01   3.80657322e-09 ...,   5.36825737e-01
    1.45753615e-02   9.99616664e-01]
 [  8.38527461e-01   1.00000000e+00   1.32224334e-05 ...,   7.63387680e-01
    8.08987345e-01   6.49117591e-01]
 [  3.80657322e-09   1.32224334e-05   1.00000000e+00 ...,   2.90875987e-01
    4.29239189e-02   2.06875373e-01]
 ..., 
 [  5.36825737e-01   7.63387680e-01   2.90875987e-01 ...,   1.00000000e+00
    4.49213764e-01   7.30282358e-01]
 [  1.45753615e-02   8.08987345e-01   4.29239189e-02 ...,   4.49213764e-01
    1.00000000e+00   1.23382613e-01]
 [  9.99616664e-01   6.49117591e-01   2.06875373e-01 ...,   7.30282358e-01
    1.23382613e-01   1.00000000e+00]]
epoch:  7  errors:  2.87567045875
sigmas:
[[ 1741.17296399  1516.99290979   304.80369114 ...,  1440.43714315
    628.15112385  1788.16075174]
 [ 1516.99290979   495.91422257   347.03252334 ...,  1576.03523785
   2235.69938673   941.8066668 ]
 [  304.80369114   347.03252334  2003.1919603  ...,  1194.68463514
    870.75796602  1060.35223861]
 ..., 
 [ 1440.43714315  1576.03523785  1194.68463514 ...,  1048.2293396
   1217.56454562  1998.57523105]
 [  628.15112385  2235.69938673   870.75796602 ...,  1217.56454562
   1972.94233811   886.24158579]
 [ 1788.16075174   941.8066668   1060.35223861 ...,  1998.57523105
    886.24158579  2314.62370743]]
saving sigmas to:  ./sigmas/modelReal_batchUpdate_Alpha1000_2500/modelReal_batchUpdate_Alpha1000_2500_step8.npy
gm
[[  1.00000000e+00   8.38527461e-01   3.80657322e-09 ...,   5.36825737e-01
    1.45753615e-02   9.99616664e-01]
 [  8.38527461e-01   1.00000000e+00   1.32224334e-05 ...,   7.63387680e-01
    8.08987345e-01   6.49117591e-01]
 [  3.80657322e-09   1.32224334e-05   1.00000000e+00 ...,   2.90875987e-01
    4.29239189e-02   2.06875373e-01]
 ..., 
 [  5.36825737e-01   7.63387680e-01   2.90875987e-01 ...,   1.00000000e+00
    4.49213764e-01   7.30282358e-01]
 [  1.45753615e-02   8.08987345e-01   4.29239189e-02 ...,   4.49213764e-01
    1.00000000e+00   1.23382613e-01]
 [  9.99616664e-01   6.49117591e-01   2.06875373e-01 ...,   7.30282358e-01
    1.23382613e-01   1.00000000e+00]]
epoch:  8  errors:  2.8756704587
sigmas:
[[ 1741.17296399  1516.992909     304.80369114 ...,  1440.43714321
    628.15112385  1788.1607528 ]
 [ 1516.992909     495.91422257   347.03252335 ...,  1576.03523802
   2235.69938703   941.80666663]
 [  304.80369114   347.03252335  2003.1919603  ...,  1194.68463511
    870.75796602  1060.35223856]
 ..., 
 [ 1440.43714321  1576.03523802  1194.68463511 ...,  1048.2293396
   1217.56454568  1998.57523092]
 [  628.15112385  2235.69938703   870.75796602 ...,  1217.56454568
   1972.94233811   886.24158606]
 [ 1788.1607528    941.80666663  1060.35223856 ...,  1998.57523092
    886.24158606  2314.62370743]]
saving sigmas to:  ./sigmas/modelReal_batchUpdate_Alpha1000_2500/modelReal_batchUpdate_Alpha1000_2500_step9.npy
gm
[[  1.00000000e+00   8.38527461e-01   3.80657322e-09 ...,   5.36825737e-01
    1.45753615e-02   9.99616664e-01]
 [  8.38527461e-01   1.00000000e+00   1.32224334e-05 ...,   7.63387680e-01
    8.08987345e-01   6.49117591e-01]
 [  3.80657322e-09   1.32224334e-05   1.00000000e+00 ...,   2.90875987e-01
    4.29239189e-02   2.06875373e-01]
 ..., 
 [  5.36825737e-01   7.63387680e-01   2.90875987e-01 ...,   1.00000000e+00
    4.49213764e-01   7.30282358e-01]
 [  1.45753615e-02   8.08987345e-01   4.29239189e-02 ...,   4.49213764e-01
    1.00000000e+00   1.23382613e-01]
 [  9.99616664e-01   6.49117591e-01   2.06875373e-01 ...,   7.30282358e-01
    1.23382613e-01   1.00000000e+00]]
epoch:  9  errors:  2.87567045865
[2.8756704591289597, 2.8756704590754416, 2.8756704590219271, 2.8756704589684006, 2.8756704589148909, 2.8756704588613666, 2.8756704588078574, 2.8756704587543349, 2.8756704587008159, 2.8756704586473014]
