Loading cqt and beats... 
Perform sync
Perform loadInterval2Frame
[[array([], dtype=float64), 'Silence'], [array([ 0, 18]), 'I'], [array([18, 50]), 'V'], [array([50, 81]), 'V'], [array([ 81, 113]), 'C'], [array([113, 130]), 'T'], [array([130, 161]), 'V'], [array([161, 193]), 'C'], [array([193, 242]), "T'"], [array([242, 274]), 'C'], [array([274, 321]), 'O'], [array([], dtype=float64), 'Silence']]
[[array([ 0, 18]), 'I'], [array([18, 50]), 'V'], [array([50, 81]), 'V'], [array([ 81, 113]), 'C'], [array([113, 130]), 'T'], [array([130, 161]), 'V'], [array([161, 193]), 'C'], [array([193, 242]), "T'"], [array([242, 274]), 'C'], [array([274, 321]), 'O']]
sigmas
[[ 487.52842992  424.75801673   85.34503352 ...,  403.32239994
   175.88231468  500.6850078 ]
 [ 424.75801673  138.85598232   97.16910653 ...,  441.28986615
   625.99582751  263.70586712]
 [  85.34503352   97.16910653  560.89374888 ...,  334.51169792  243.8122305
   296.89862692]
 ..., 
 [ 403.32239994  441.28986615  334.51169792 ...,  293.50421509
   340.91807264  559.60106502]
 [ 175.88231468  625.99582751  243.8122305  ...,  340.91807264
   552.42385467  248.14764335]
 [ 500.6850078   263.70586712  296.89862692 ...,  559.60106502
   248.14764335  648.09463808]]
gm.shape:  (322, 322)
[[  1.00000000e+000   1.05792587e-001   4.06307118e-108 ...,
    3.58093589e-004   3.77378572e-024   9.95121513e-001]
 [  1.05792587e-001   1.00000000e+000   5.91328643e-063 ...,
    3.19449620e-002   6.69556677e-002   4.03799290e-003]
 [  4.06307118e-108   5.91328643e-063   1.00000000e+000 ...,
    1.44390681e-007   3.63028644e-018   1.86980302e-009]
 ..., 
 [  3.58093589e-004   3.19449620e-002   1.44390681e-007 ...,
    1.00000000e+000   3.68980354e-005   1.81472719e-002]
 [  3.77378572e-024   6.69556677e-002   3.63028644e-018 ...,
    3.68980354e-005   1.00000000e+000   2.56360745e-012]
 [  9.95121513e-001   4.03799290e-003   1.86980302e-009 ...,
    1.81472719e-002   2.56360745e-012   1.00000000e+000]]
L_true
[[ 1.         -0.05555556 -0.05555556 ..., -0.         -0.         -0.        ]
 [-0.05555556  1.         -0.05555556 ..., -0.         -0.         -0.        ]
 [-0.05555556 -0.05555556  1.         ..., -0.         -0.         -0.        ]
 ..., 
 [-0.         -0.         -0.         ...,  1.         -0.0212766
  -0.0212766 ]
 [-0.         -0.         -0.         ..., -0.0212766   1.         -0.0212766 ]
 [-0.         -0.         -0.         ..., -0.0212766  -0.0212766   1.        ]]
gm.shape, m_true.shape:  (322, 322) (322, 322)
gm is symmetric:  True
m_true is symmetric:  True
errors:  38.9152709883
sigmas:
[[ 487.52842992  424.75796903   85.34503352 ...,  403.32239993
   175.88231468  500.68787158]
 [ 424.75796903  138.85598232   97.16910653 ...,  441.28982547
   625.99590906  263.70586594]
 [  85.34503352   97.16910653  560.89374888 ...,  334.51169792  243.8122305
   296.89862692]
 ..., 
 [ 403.32239993  441.28982547  334.51169792 ...,  293.50421509
   340.91807281  559.60106508]
 [ 175.88231468  625.99590906  243.8122305  ...,  340.91807281
   552.42385467  248.14764335]
 [ 500.68787158  263.70586594  296.89862692 ...,  559.60106508
   248.14764335  648.09463808]]
saving sigmas to:  ./sigmas/modelReal_singleUpdateII_Alpha1000_700/modelReal_singleUpdateII_Alpha1000_700_step0.npy
gm
[[  1.00000000e+000   1.05792533e-001   4.06307118e-108 ...,
    3.58093588e-004   3.77378572e-024   9.95121568e-001]
 [  1.05792533e-001   1.00000000e+000   5.91328643e-063 ...,
    3.19449418e-002   6.69557149e-002   4.03799270e-003]
 [  4.06307118e-108   5.91328643e-063   1.00000000e+000 ...,
    1.44390681e-007   3.63028644e-018   1.86980302e-009]
 ..., 
 [  3.58093588e-004   3.19449418e-002   1.44390681e-007 ...,
    1.00000000e+000   3.68980357e-005   1.81472719e-002]
 [  3.77378572e-024   6.69557149e-002   3.63028644e-018 ...,
    3.68980357e-005   1.00000000e+000   2.56360745e-012]
 [  9.95121568e-001   4.03799270e-003   1.86980302e-009 ...,
    1.81472719e-002   2.56360745e-012   1.00000000e+000]]
epoch:  0  errors:  38.9153172716
sigmas:
[[ 487.52842992  424.75792133   85.34503352 ...,  403.32239992
   175.88231468  500.69073536]
 [ 424.75792133  138.85598232   97.16910653 ...,  441.28978479
   625.99599062  263.70586475]
 [  85.34503352   97.16910653  560.89374888 ...,  334.51169792  243.8122305
   296.89862692]
 ..., 
 [ 403.32239992  441.28978479  334.51169792 ...,  293.50421509
   340.91807298  559.60106515]
 [ 175.88231468  625.99599062  243.8122305  ...,  340.91807298
   552.42385467  248.14764335]
 [ 500.69073536  263.70586475  296.89862692 ...,  559.60106515
   248.14764335  648.09463808]]
saving sigmas to:  ./sigmas/modelReal_singleUpdateII_Alpha1000_700/modelReal_singleUpdateII_Alpha1000_700_step1.npy
gm
[[  1.00000000e+000   1.05792480e-001   4.06307118e-108 ...,
    3.58093588e-004   3.77378572e-024   9.95121624e-001]
 [  1.05792480e-001   1.00000000e+000   5.91328643e-063 ...,
    3.19449215e-002   6.69557621e-002   4.03799250e-003]
 [  4.06307118e-108   5.91328643e-063   1.00000000e+000 ...,
    1.44390681e-007   3.63028644e-018   1.86980302e-009]
 ..., 
 [  3.58093588e-004   3.19449215e-002   1.44390681e-007 ...,
    1.00000000e+000   3.68980361e-005   1.81472719e-002]
 [  3.77378572e-024   6.69557621e-002   3.63028644e-018 ...,
    3.68980361e-005   1.00000000e+000   2.56360745e-012]
 [  9.95121624e-001   4.03799250e-003   1.86980302e-009 ...,
    1.81472719e-002   2.56360745e-012   1.00000000e+000]]
epoch:  1  errors:  38.9153635575
sigmas:
[[ 487.52842992  424.75787363   85.34503352 ...,  403.32239991
   175.88231468  500.69359915]
 [ 424.75787363  138.85598232   97.16910653 ...,  441.2897441   625.99607217
   263.70586356]
 [  85.34503352   97.16910653  560.89374888 ...,  334.51169792  243.8122305
   296.89862692]
 ..., 
 [ 403.32239991  441.2897441   334.51169792 ...,  293.50421509
   340.91807315  559.60106521]
 [ 175.88231468  625.99607217  243.8122305  ...,  340.91807315
   552.42385467  248.14764335]
 [ 500.69359915  263.70586356  296.89862692 ...,  559.60106521
   248.14764335  648.09463808]]
saving sigmas to:  ./sigmas/modelReal_singleUpdateII_Alpha1000_700/modelReal_singleUpdateII_Alpha1000_700_step2.npy
gm
[[  1.00000000e+000   1.05792427e-001   4.06307118e-108 ...,
    3.58093588e-004   3.77378572e-024   9.95121680e-001]
 [  1.05792427e-001   1.00000000e+000   5.91328643e-063 ...,
    3.19449012e-002   6.69558092e-002   4.03799230e-003]
 [  4.06307118e-108   5.91328643e-063   1.00000000e+000 ...,
    1.44390681e-007   3.63028644e-018   1.86980302e-009]
 ..., 
 [  3.58093588e-004   3.19449012e-002   1.44390681e-007 ...,
    1.00000000e+000   3.68980365e-005   1.81472719e-002]
 [  3.77378572e-024   6.69558092e-002   3.63028644e-018 ...,
    3.68980365e-005   1.00000000e+000   2.56360745e-012]
 [  9.95121680e-001   4.03799230e-003   1.86980302e-009 ...,
    1.81472719e-002   2.56360745e-012   1.00000000e+000]]
epoch:  2  errors:  38.9154098459
sigmas:
[[ 487.52842992  424.75782593   85.34503352 ...,  403.3223999   175.88231468
   500.69646293]
 [ 424.75782593  138.85598232   97.16910653 ...,  441.28970342
   625.99615372  263.70586238]
 [  85.34503352   97.16910653  560.89374888 ...,  334.51169792  243.8122305
   296.89862692]
 ..., 
 [ 403.3223999   441.28970342  334.51169792 ...,  293.50421509
   340.91807331  559.60106528]
 [ 175.88231468  625.99615372  243.8122305  ...,  340.91807331
   552.42385467  248.14764335]
 [ 500.69646293  263.70586238  296.89862692 ...,  559.60106528
   248.14764335  648.09463808]]
saving sigmas to:  ./sigmas/modelReal_singleUpdateII_Alpha1000_700/modelReal_singleUpdateII_Alpha1000_700_step3.npy
gm
[[  1.00000000e+000   1.05792373e-001   4.06307118e-108 ...,
    3.58093588e-004   3.77378572e-024   9.95121735e-001]
 [  1.05792373e-001   1.00000000e+000   5.91328643e-063 ...,
    3.19448809e-002   6.69558564e-002   4.03799210e-003]
 [  4.06307118e-108   5.91328643e-063   1.00000000e+000 ...,
    1.44390681e-007   3.63028644e-018   1.86980302e-009]
 ..., 
 [  3.58093588e-004   3.19448809e-002   1.44390681e-007 ...,
    1.00000000e+000   3.68980368e-005   1.81472719e-002]
 [  3.77378572e-024   6.69558564e-002   3.63028644e-018 ...,
    3.68980368e-005   1.00000000e+000   2.56360745e-012]
 [  9.95121735e-001   4.03799210e-003   1.86980302e-009 ...,
    1.81472719e-002   2.56360745e-012   1.00000000e+000]]
epoch:  3  errors:  38.9154561369
sigmas:
[[ 487.52842992  424.75777823   85.34503352 ...,  403.32239989
   175.88231468  500.69932672]
 [ 424.75777823  138.85598232   97.16910653 ...,  441.28966274
   625.99623528  263.70586119]
 [  85.34503352   97.16910653  560.89374888 ...,  334.51169792  243.8122305
   296.89862692]
 ..., 
 [ 403.32239989  441.28966274  334.51169792 ...,  293.50421509
   340.91807348  559.60106534]
 [ 175.88231468  625.99623528  243.8122305  ...,  340.91807348
   552.42385467  248.14764335]
 [ 500.69932672  263.70586119  296.89862692 ...,  559.60106534
   248.14764335  648.09463808]]
saving sigmas to:  ./sigmas/modelReal_singleUpdateII_Alpha1000_700/modelReal_singleUpdateII_Alpha1000_700_step4.npy
gm
[[  1.00000000e+000   1.05792320e-001   4.06307118e-108 ...,
    3.58093588e-004   3.77378572e-024   9.95121791e-001]
 [  1.05792320e-001   1.00000000e+000   5.91328643e-063 ...,
    3.19448606e-002   6.69559036e-002   4.03799190e-003]
 [  4.06307118e-108   5.91328643e-063   1.00000000e+000 ...,
    1.44390681e-007   3.63028644e-018   1.86980302e-009]
 ..., 
 [  3.58093588e-004   3.19448606e-002   1.44390681e-007 ...,
    1.00000000e+000   3.68980372e-005   1.81472720e-002]
 [  3.77378572e-024   6.69559036e-002   3.63028644e-018 ...,
    3.68980372e-005   1.00000000e+000   2.56360745e-012]
 [  9.95121791e-001   4.03799190e-003   1.86980302e-009 ...,
    1.81472720e-002   2.56360745e-012   1.00000000e+000]]
epoch:  4  errors:  38.9155024304
sigmas:
[[ 487.52842992  424.75773053   85.34503352 ...,  403.32239988
   175.88231468  500.70219051]
 [ 424.75773053  138.85598232   97.16910653 ...,  441.28962205
   625.99631683  263.70586   ]
 [  85.34503352   97.16910653  560.89374888 ...,  334.51169792  243.8122305
   296.89862692]
 ..., 
 [ 403.32239988  441.28962205  334.51169792 ...,  293.50421509
   340.91807365  559.60106541]
 [ 175.88231468  625.99631683  243.8122305  ...,  340.91807365
   552.42385467  248.14764335]
 [ 500.70219051  263.70586     296.89862692 ...,  559.60106541
   248.14764335  648.09463808]]
saving sigmas to:  ./sigmas/modelReal_singleUpdateII_Alpha1000_700/modelReal_singleUpdateII_Alpha1000_700_step5.npy
gm
[[  1.00000000e+000   1.05792267e-001   4.06307118e-108 ...,
    3.58093588e-004   3.77378572e-024   9.95121847e-001]
 [  1.05792267e-001   1.00000000e+000   5.91328643e-063 ...,
    3.19448403e-002   6.69559507e-002   4.03799170e-003]
 [  4.06307118e-108   5.91328643e-063   1.00000000e+000 ...,
    1.44390681e-007   3.63028644e-018   1.86980302e-009]
 ..., 
 [  3.58093588e-004   3.19448403e-002   1.44390681e-007 ...,
    1.00000000e+000   3.68980376e-005   1.81472720e-002]
 [  3.77378572e-024   6.69559507e-002   3.63028644e-018 ...,
    3.68980376e-005   1.00000000e+000   2.56360745e-012]
 [  9.95121847e-001   4.03799170e-003   1.86980302e-009 ...,
    1.81472720e-002   2.56360745e-012   1.00000000e+000]]
epoch:  5  errors:  38.9155487265
sigmas:
[[ 487.52842992  424.75768283   85.34503352 ...,  403.32239987
   175.88231468  500.70505431]
 [ 424.75768283  138.85598232   97.16910653 ...,  441.28958137
   625.99639839  263.70585881]
 [  85.34503352   97.16910653  560.89374888 ...,  334.51169792  243.8122305
   296.89862692]
 ..., 
 [ 403.32239987  441.28958137  334.51169792 ...,  293.50421509
   340.91807382  559.60106547]
 [ 175.88231468  625.99639839  243.8122305  ...,  340.91807382
   552.42385467  248.14764335]
 [ 500.70505431  263.70585881  296.89862692 ...,  559.60106547
   248.14764335  648.09463808]]
saving sigmas to:  ./sigmas/modelReal_singleUpdateII_Alpha1000_700/modelReal_singleUpdateII_Alpha1000_700_step6.npy
gm
[[  1.00000000e+000   1.05792213e-001   4.06307118e-108 ...,
    3.58093587e-004   3.77378572e-024   9.95121902e-001]
 [  1.05792213e-001   1.00000000e+000   5.91328643e-063 ...,
    3.19448200e-002   6.69559979e-002   4.03799150e-003]
 [  4.06307118e-108   5.91328643e-063   1.00000000e+000 ...,
    1.44390681e-007   3.63028644e-018   1.86980302e-009]
 ..., 
 [  3.58093587e-004   3.19448200e-002   1.44390681e-007 ...,
    1.00000000e+000   3.68980380e-005   1.81472720e-002]
 [  3.77378572e-024   6.69559979e-002   3.63028644e-018 ...,
    3.68980380e-005   1.00000000e+000   2.56360745e-012]
 [  9.95121902e-001   4.03799150e-003   1.86980302e-009 ...,
    1.81472720e-002   2.56360745e-012   1.00000000e+000]]
epoch:  6  errors:  38.9155950252
sigmas:
[[ 487.52842992  424.75763513   85.34503352 ...,  403.32239986
   175.88231468  500.7079181 ]
 [ 424.75763513  138.85598232   97.16910653 ...,  441.28954069
   625.99647994  263.70585763]
 [  85.34503352   97.16910653  560.89374888 ...,  334.51169792  243.8122305
   296.89862692]
 ..., 
 [ 403.32239986  441.28954069  334.51169792 ...,  293.50421509
   340.91807399  559.60106554]
 [ 175.88231468  625.99647994  243.8122305  ...,  340.91807399
   552.42385467  248.14764335]
 [ 500.7079181   263.70585763  296.89862692 ...,  559.60106554
   248.14764335  648.09463808]]
saving sigmas to:  ./sigmas/modelReal_singleUpdateII_Alpha1000_700/modelReal_singleUpdateII_Alpha1000_700_step7.npy
gm
[[  1.00000000e+000   1.05792160e-001   4.06307118e-108 ...,
    3.58093587e-004   3.77378572e-024   9.95121958e-001]
 [  1.05792160e-001   1.00000000e+000   5.91328643e-063 ...,
    3.19447998e-002   6.69560451e-002   4.03799130e-003]
 [  4.06307118e-108   5.91328643e-063   1.00000000e+000 ...,
    1.44390681e-007   3.63028644e-018   1.86980302e-009]
 ..., 
 [  3.58093587e-004   3.19447998e-002   1.44390681e-007 ...,
    1.00000000e+000   3.68980383e-005   1.81472720e-002]
 [  3.77378572e-024   6.69560451e-002   3.63028644e-018 ...,
    3.68980383e-005   1.00000000e+000   2.56360745e-012]
 [  9.95121958e-001   4.03799130e-003   1.86980302e-009 ...,
    1.81472720e-002   2.56360745e-012   1.00000000e+000]]
epoch:  7  errors:  38.9156413264
sigmas:
[[ 487.52842992  424.75758743   85.34503352 ...,  403.32239985
   175.88231468  500.7107819 ]
 [ 424.75758743  138.85598232   97.16910653 ...,  441.28950001
   625.99656149  263.70585644]
 [  85.34503352   97.16910653  560.89374888 ...,  334.51169792  243.8122305
   296.89862692]
 ..., 
 [ 403.32239985  441.28950001  334.51169792 ...,  293.50421509
   340.91807416  559.6010656 ]
 [ 175.88231468  625.99656149  243.8122305  ...,  340.91807416
   552.42385467  248.14764335]
 [ 500.7107819   263.70585644  296.89862692 ...,  559.6010656   248.14764335
   648.09463808]]
saving sigmas to:  ./sigmas/modelReal_singleUpdateII_Alpha1000_700/modelReal_singleUpdateII_Alpha1000_700_step8.npy
gm
[[  1.00000000e+000   1.05792106e-001   4.06307118e-108 ...,
    3.58093587e-004   3.77378572e-024   9.95122014e-001]
 [  1.05792106e-001   1.00000000e+000   5.91328643e-063 ...,
    3.19447795e-002   6.69560923e-002   4.03799110e-003]
 [  4.06307118e-108   5.91328643e-063   1.00000000e+000 ...,
    1.44390681e-007   3.63028644e-018   1.86980302e-009]
 ..., 
 [  3.58093587e-004   3.19447795e-002   1.44390681e-007 ...,
    1.00000000e+000   3.68980387e-005   1.81472720e-002]
 [  3.77378572e-024   6.69560923e-002   3.63028644e-018 ...,
    3.68980387e-005   1.00000000e+000   2.56360745e-012]
 [  9.95122014e-001   4.03799110e-003   1.86980302e-009 ...,
    1.81472720e-002   2.56360745e-012   1.00000000e+000]]
epoch:  8  errors:  38.9156876302
sigmas:
[[ 487.52842992  424.75753973   85.34503352 ...,  403.32239984
   175.88231468  500.7136457 ]
 [ 424.75753973  138.85598232   97.16910653 ...,  441.28945932
   625.99664305  263.70585525]
 [  85.34503352   97.16910653  560.89374888 ...,  334.51169792  243.8122305
   296.89862692]
 ..., 
 [ 403.32239984  441.28945932  334.51169792 ...,  293.50421509
   340.91807432  559.60106567]
 [ 175.88231468  625.99664305  243.8122305  ...,  340.91807432
   552.42385467  248.14764335]
 [ 500.7136457   263.70585525  296.89862692 ...,  559.60106567
   248.14764335  648.09463808]]
saving sigmas to:  ./sigmas/modelReal_singleUpdateII_Alpha1000_700/modelReal_singleUpdateII_Alpha1000_700_step9.npy
gm
[[  1.00000000e+000   1.05792053e-001   4.06307118e-108 ...,
    3.58093587e-004   3.77378572e-024   9.95122069e-001]
 [  1.05792053e-001   1.00000000e+000   5.91328643e-063 ...,
    3.19447592e-002   6.69561394e-002   4.03799090e-003]
 [  4.06307118e-108   5.91328643e-063   1.00000000e+000 ...,
    1.44390681e-007   3.63028644e-018   1.86980302e-009]
 ..., 
 [  3.58093587e-004   3.19447592e-002   1.44390681e-007 ...,
    1.00000000e+000   3.68980391e-005   1.81472720e-002]
 [  3.77378572e-024   6.69561394e-002   3.63028644e-018 ...,
    3.68980391e-005   1.00000000e+000   2.56360745e-012]
 [  9.95122069e-001   4.03799090e-003   1.86980302e-009 ...,
    1.81472720e-002   2.56360745e-012   1.00000000e+000]]
epoch:  9  errors:  38.9157339366
sigmas:
[[ 487.52842992  424.75749203   85.34503352 ...,  403.32239982
   175.88231468  500.7165095 ]
 [ 424.75749203  138.85598232   97.16910653 ...,  441.28941864  625.9967246
   263.70585407]
 [  85.34503352   97.16910653  560.89374888 ...,  334.51169792  243.8122305
   296.89862692]
 ..., 
 [ 403.32239982  441.28941864  334.51169792 ...,  293.50421509
   340.91807449  559.60106574]
 [ 175.88231468  625.9967246   243.8122305  ...,  340.91807449
   552.42385467  248.14764335]
 [ 500.7165095   263.70585407  296.89862692 ...,  559.60106574
   248.14764335  648.09463808]]
saving sigmas to:  ./sigmas/modelReal_singleUpdateII_Alpha1000_700/modelReal_singleUpdateII_Alpha1000_700_step10.npy
gm
[[  1.00000000e+000   1.05792000e-001   4.06307118e-108 ...,
    3.58093587e-004   3.77378572e-024   9.95122125e-001]
 [  1.05792000e-001   1.00000000e+000   5.91328643e-063 ...,
    3.19447389e-002   6.69561866e-002   4.03799070e-003]
 [  4.06307118e-108   5.91328643e-063   1.00000000e+000 ...,
    1.44390681e-007   3.63028644e-018   1.86980302e-009]
 ..., 
 [  3.58093587e-004   3.19447389e-002   1.44390681e-007 ...,
    1.00000000e+000   3.68980394e-005   1.81472721e-002]
 [  3.77378572e-024   6.69561866e-002   3.63028644e-018 ...,
    3.68980394e-005   1.00000000e+000   2.56360745e-012]
 [  9.95122125e-001   4.03799070e-003   1.86980302e-009 ...,
    1.81472721e-002   2.56360745e-012   1.00000000e+000]]
epoch:  10  errors:  38.9157802456
sigmas:
[[ 487.52842992  424.75744433   85.34503352 ...,  403.32239981
   175.88231468  500.7193733 ]
 [ 424.75744433  138.85598232   97.16910653 ...,  441.28937796
   625.99680616  263.70585288]
 [  85.34503352   97.16910653  560.89374888 ...,  334.51169792  243.8122305
   296.89862692]
 ..., 
 [ 403.32239981  441.28937796  334.51169792 ...,  293.50421509
   340.91807466  559.6010658 ]
 [ 175.88231468  625.99680616  243.8122305  ...,  340.91807466
   552.42385467  248.14764335]
 [ 500.7193733   263.70585288  296.89862692 ...,  559.6010658   248.14764335
   648.09463808]]
saving sigmas to:  ./sigmas/modelReal_singleUpdateII_Alpha1000_700/modelReal_singleUpdateII_Alpha1000_700_step11.npy
gm
[[  1.00000000e+000   1.05791946e-001   4.06307118e-108 ...,
    3.58093587e-004   3.77378572e-024   9.95122181e-001]
 [  1.05791946e-001   1.00000000e+000   5.91328643e-063 ...,
    3.19447186e-002   6.69562338e-002   4.03799050e-003]
 [  4.06307118e-108   5.91328643e-063   1.00000000e+000 ...,
    1.44390681e-007   3.63028644e-018   1.86980302e-009]
 ..., 
 [  3.58093587e-004   3.19447186e-002   1.44390681e-007 ...,
    1.00000000e+000   3.68980398e-005   1.81472721e-002]
 [  3.77378572e-024   6.69562338e-002   3.63028644e-018 ...,
    3.68980398e-005   1.00000000e+000   2.56360745e-012]
 [  9.95122181e-001   4.03799050e-003   1.86980302e-009 ...,
    1.81472721e-002   2.56360745e-012   1.00000000e+000]]
epoch:  11  errors:  38.9158265571
sigmas:
[[ 487.52842992  424.75739663   85.34503352 ...,  403.3223998   175.88231468
   500.72223711]
 [ 424.75739663  138.85598232   97.16910653 ...,  441.28933728
   625.99688771  263.70585169]
 [  85.34503352   97.16910653  560.89374888 ...,  334.51169792  243.8122305
   296.89862692]
 ..., 
 [ 403.3223998   441.28933728  334.51169792 ...,  293.50421509
   340.91807483  559.60106587]
 [ 175.88231468  625.99688771  243.8122305  ...,  340.91807483
   552.42385467  248.14764335]
 [ 500.72223711  263.70585169  296.89862692 ...,  559.60106587
   248.14764335  648.09463808]]
saving sigmas to:  ./sigmas/modelReal_singleUpdateII_Alpha1000_700/modelReal_singleUpdateII_Alpha1000_700_step12.npy
gm
[[  1.00000000e+000   1.05791893e-001   4.06307118e-108 ...,
    3.58093587e-004   3.77378572e-024   9.95122236e-001]
 [  1.05791893e-001   1.00000000e+000   5.91328643e-063 ...,
    3.19446983e-002   6.69562809e-002   4.03799030e-003]
 [  4.06307118e-108   5.91328643e-063   1.00000000e+000 ...,
    1.44390681e-007   3.63028644e-018   1.86980302e-009]
 ..., 
 [  3.58093587e-004   3.19446983e-002   1.44390681e-007 ...,
    1.00000000e+000   3.68980402e-005   1.81472721e-002]
 [  3.77378572e-024   6.69562809e-002   3.63028644e-018 ...,
    3.68980402e-005   1.00000000e+000   2.56360745e-012]
 [  9.95122236e-001   4.03799030e-003   1.86980302e-009 ...,
    1.81472721e-002   2.56360745e-012   1.00000000e+000]]
epoch:  12  errors:  38.9158728713
sigmas:
[[ 487.52842992  424.75734893   85.34503352 ...,  403.32239979
   175.88231468  500.72510092]
 [ 424.75734893  138.85598232   97.16910653 ...,  441.28929659
   625.99696926  263.70585051]
 [  85.34503352   97.16910653  560.89374888 ...,  334.51169792  243.8122305
   296.89862692]
 ..., 
 [ 403.32239979  441.28929659  334.51169792 ...,  293.50421509  340.918075
   559.60106593]
 [ 175.88231468  625.99696926  243.8122305  ...,  340.918075    552.42385467
   248.14764335]
 [ 500.72510092  263.70585051  296.89862692 ...,  559.60106593
   248.14764335  648.09463808]]
saving sigmas to:  ./sigmas/modelReal_singleUpdateII_Alpha1000_700/modelReal_singleUpdateII_Alpha1000_700_step13.npy
gm
[[  1.00000000e+000   1.05791840e-001   4.06307118e-108 ...,
    3.58093586e-004   3.77378572e-024   9.95122292e-001]
 [  1.05791840e-001   1.00000000e+000   5.91328643e-063 ...,
    3.19446781e-002   6.69563281e-002   4.03799010e-003]
 [  4.06307118e-108   5.91328643e-063   1.00000000e+000 ...,
    1.44390681e-007   3.63028644e-018   1.86980302e-009]
 ..., 
 [  3.58093586e-004   3.19446781e-002   1.44390681e-007 ...,
    1.00000000e+000   3.68980406e-005   1.81472721e-002]
 [  3.77378572e-024   6.69563281e-002   3.63028644e-018 ...,
    3.68980406e-005   1.00000000e+000   2.56360745e-012]
 [  9.95122292e-001   4.03799010e-003   1.86980302e-009 ...,
    1.81472721e-002   2.56360745e-012   1.00000000e+000]]
epoch:  13  errors:  38.915919188
sigmas:
[[ 487.52842992  424.75730123   85.34503352 ...,  403.32239978
   175.88231468  500.72796473]
 [ 424.75730123  138.85598232   97.16910653 ...,  441.28925591
   625.99705082  263.70584932]
 [  85.34503352   97.16910653  560.89374888 ...,  334.51169792  243.8122305
   296.89862692]
 ..., 
 [ 403.32239978  441.28925591  334.51169792 ...,  293.50421509
   340.91807516  559.601066  ]
 [ 175.88231468  625.99705082  243.8122305  ...,  340.91807516
   552.42385467  248.14764335]
 [ 500.72796473  263.70584932  296.89862692 ...,  559.601066    248.14764335
   648.09463808]]
saving sigmas to:  ./sigmas/modelReal_singleUpdateII_Alpha1000_700/modelReal_singleUpdateII_Alpha1000_700_step14.npy
gm
[[  1.00000000e+000   1.05791786e-001   4.06307118e-108 ...,
    3.58093586e-004   3.77378572e-024   9.95122348e-001]
 [  1.05791786e-001   1.00000000e+000   5.91328643e-063 ...,
    3.19446578e-002   6.69563753e-002   4.03798990e-003]
 [  4.06307118e-108   5.91328643e-063   1.00000000e+000 ...,
    1.44390681e-007   3.63028644e-018   1.86980302e-009]
 ..., 
 [  3.58093586e-004   3.19446578e-002   1.44390681e-007 ...,
    1.00000000e+000   3.68980409e-005   1.81472721e-002]
 [  3.77378572e-024   6.69563753e-002   3.63028644e-018 ...,
    3.68980409e-005   1.00000000e+000   2.56360745e-012]
 [  9.95122348e-001   4.03798990e-003   1.86980302e-009 ...,
    1.81472721e-002   2.56360745e-012   1.00000000e+000]]
epoch:  14  errors:  38.9159655073
sigmas:
[[ 487.52842992  424.75725353   85.34503352 ...,  403.32239977
   175.88231468  500.73082854]
 [ 424.75725353  138.85598232   97.16910653 ...,  441.28921523
   625.99713237  263.70584813]
 [  85.34503352   97.16910653  560.89374888 ...,  334.51169792  243.8122305
   296.89862692]
 ..., 
 [ 403.32239977  441.28921523  334.51169792 ...,  293.50421509
   340.91807533  559.60106606]
 [ 175.88231468  625.99713237  243.8122305  ...,  340.91807533
   552.42385467  248.14764335]
 [ 500.73082854  263.70584813  296.89862692 ...,  559.60106606
   248.14764335  648.09463808]]
saving sigmas to:  ./sigmas/modelReal_singleUpdateII_Alpha1000_700/modelReal_singleUpdateII_Alpha1000_700_step15.npy
gm
[[  1.00000000e+000   1.05791733e-001   4.06307118e-108 ...,
    3.58093586e-004   3.77378572e-024   9.95122403e-001]
 [  1.05791733e-001   1.00000000e+000   5.91328643e-063 ...,
    3.19446375e-002   6.69564224e-002   4.03798970e-003]
 [  4.06307118e-108   5.91328643e-063   1.00000000e+000 ...,
    1.44390681e-007   3.63028644e-018   1.86980302e-009]
 ..., 
 [  3.58093586e-004   3.19446375e-002   1.44390681e-007 ...,
    1.00000000e+000   3.68980413e-005   1.81472721e-002]
 [  3.77378572e-024   6.69564224e-002   3.63028644e-018 ...,
    3.68980413e-005   1.00000000e+000   2.56360745e-012]
 [  9.95122403e-001   4.03798970e-003   1.86980302e-009 ...,
    1.81472721e-002   2.56360745e-012   1.00000000e+000]]
epoch:  15  errors:  38.9160118293
sigmas:
[[ 487.52842992  424.75720583   85.34503352 ...,  403.32239976
   175.88231468  500.73369236]
 [ 424.75720583  138.85598232   97.16910653 ...,  441.28917455
   625.99721393  263.70584695]
 [  85.34503352   97.16910653  560.89374888 ...,  334.51169792  243.8122305
   296.89862692]
 ..., 
 [ 403.32239976  441.28917455  334.51169792 ...,  293.50421509  340.9180755
   559.60106613]
 [ 175.88231468  625.99721393  243.8122305  ...,  340.9180755   552.42385467
   248.14764335]
 [ 500.73369236  263.70584695  296.89862692 ...,  559.60106613
   248.14764335  648.09463808]]
saving sigmas to:  ./sigmas/modelReal_singleUpdateII_Alpha1000_700/modelReal_singleUpdateII_Alpha1000_700_step16.npy
gm
[[  1.00000000e+000   1.05791679e-001   4.06307118e-108 ...,
    3.58093586e-004   3.77378572e-024   9.95122459e-001]
 [  1.05791679e-001   1.00000000e+000   5.91328643e-063 ...,
    3.19446172e-002   6.69564696e-002   4.03798950e-003]
 [  4.06307118e-108   5.91328643e-063   1.00000000e+000 ...,
    1.44390681e-007   3.63028644e-018   1.86980302e-009]
 ..., 
 [  3.58093586e-004   3.19446172e-002   1.44390681e-007 ...,
    1.00000000e+000   3.68980417e-005   1.81472722e-002]
 [  3.77378572e-024   6.69564696e-002   3.63028644e-018 ...,
    3.68980417e-005   1.00000000e+000   2.56360745e-012]
 [  9.95122459e-001   4.03798950e-003   1.86980302e-009 ...,
    1.81472722e-002   2.56360745e-012   1.00000000e+000]]
epoch:  16  errors:  38.9160581538
sigmas:
[[ 487.52842992  424.75715813   85.34503352 ...,  403.32239975
   175.88231468  500.73655618]
 [ 424.75715813  138.85598232   97.16910653 ...,  441.28913386
   625.99729548  263.70584576]
 [  85.34503352   97.16910653  560.89374888 ...,  334.51169792  243.8122305
   296.89862692]
 ..., 
 [ 403.32239975  441.28913386  334.51169792 ...,  293.50421509
   340.91807567  559.60106619]
 [ 175.88231468  625.99729548  243.8122305  ...,  340.91807567
   552.42385467  248.14764335]
 [ 500.73655618  263.70584576  296.89862692 ...,  559.60106619
   248.14764335  648.09463808]]
saving sigmas to:  ./sigmas/modelReal_singleUpdateII_Alpha1000_700/modelReal_singleUpdateII_Alpha1000_700_step17.npy
gm
[[  1.00000000e+000   1.05791626e-001   4.06307118e-108 ...,
    3.58093586e-004   3.77378572e-024   9.95122515e-001]
 [  1.05791626e-001   1.00000000e+000   5.91328643e-063 ...,
    3.19445969e-002   6.69565168e-002   4.03798930e-003]
 [  4.06307118e-108   5.91328643e-063   1.00000000e+000 ...,
    1.44390681e-007   3.63028644e-018   1.86980302e-009]
 ..., 
 [  3.58093586e-004   3.19445969e-002   1.44390681e-007 ...,
    1.00000000e+000   3.68980420e-005   1.81472722e-002]
 [  3.77378572e-024   6.69565168e-002   3.63028644e-018 ...,
    3.68980420e-005   1.00000000e+000   2.56360745e-012]
 [  9.95122515e-001   4.03798930e-003   1.86980302e-009 ...,
    1.81472722e-002   2.56360745e-012   1.00000000e+000]]
epoch:  17  errors:  38.9161044809
sigmas:
[[ 487.52842992  424.75711043   85.34503352 ...,  403.32239974
   175.88231468  500.73942   ]
 [ 424.75711043  138.85598232   97.16910653 ...,  441.28909318
   625.99737704  263.70584457]
 [  85.34503352   97.16910653  560.89374888 ...,  334.51169792  243.8122305
   296.89862692]
 ..., 
 [ 403.32239974  441.28909318  334.51169792 ...,  293.50421509
   340.91807584  559.60106626]
 [ 175.88231468  625.99737704  243.8122305  ...,  340.91807584
   552.42385467  248.14764335]
 [ 500.73942     263.70584457  296.89862692 ...,  559.60106626
   248.14764335  648.09463808]]
saving sigmas to:  ./sigmas/modelReal_singleUpdateII_Alpha1000_700/modelReal_singleUpdateII_Alpha1000_700_step18.npy
gm
[[  1.00000000e+000   1.05791573e-001   4.06307118e-108 ...,
    3.58093586e-004   3.77378572e-024   9.95122570e-001]
 [  1.05791573e-001   1.00000000e+000   5.91328643e-063 ...,
    3.19445766e-002   6.69565639e-002   4.03798910e-003]
 [  4.06307118e-108   5.91328643e-063   1.00000000e+000 ...,
    1.44390681e-007   3.63028644e-018   1.86980302e-009]
 ..., 
 [  3.58093586e-004   3.19445766e-002   1.44390681e-007 ...,
    1.00000000e+000   3.68980424e-005   1.81472722e-002]
 [  3.77378572e-024   6.69565639e-002   3.63028644e-018 ...,
    3.68980424e-005   1.00000000e+000   2.56360745e-012]
 [  9.95122570e-001   4.03798910e-003   1.86980302e-009 ...,
    1.81472722e-002   2.56360745e-012   1.00000000e+000]]
epoch:  18  errors:  38.9161508107
sigmas:
[[ 487.52842992  424.75706273   85.34503352 ...,  403.32239973
   175.88231468  500.74228382]
 [ 424.75706273  138.85598232   97.16910653 ...,  441.2890525   625.99745859
   263.70584339]
 [  85.34503352   97.16910653  560.89374888 ...,  334.51169792  243.8122305
   296.89862692]
 ..., 
 [ 403.32239973  441.2890525   334.51169792 ...,  293.50421509
   340.91807601  559.60106632]
 [ 175.88231468  625.99745859  243.8122305  ...,  340.91807601
   552.42385467  248.14764335]
 [ 500.74228382  263.70584339  296.89862692 ...,  559.60106632
   248.14764335  648.09463808]]
saving sigmas to:  ./sigmas/modelReal_singleUpdateII_Alpha1000_700/modelReal_singleUpdateII_Alpha1000_700_step19.npy
gm
[[  1.00000000e+000   1.05791519e-001   4.06307118e-108 ...,
    3.58093586e-004   3.77378572e-024   9.95122626e-001]
 [  1.05791519e-001   1.00000000e+000   5.91328643e-063 ...,
    3.19445564e-002   6.69566111e-002   4.03798890e-003]
 [  4.06307118e-108   5.91328643e-063   1.00000000e+000 ...,
    1.44390681e-007   3.63028644e-018   1.86980302e-009]
 ..., 
 [  3.58093586e-004   3.19445564e-002   1.44390681e-007 ...,
    1.00000000e+000   3.68980428e-005   1.81472722e-002]
 [  3.77378572e-024   6.69566111e-002   3.63028644e-018 ...,
    3.68980428e-005   1.00000000e+000   2.56360745e-012]
 [  9.95122626e-001   4.03798890e-003   1.86980302e-009 ...,
    1.81472722e-002   2.56360745e-012   1.00000000e+000]]
epoch:  19  errors:  38.916197143
sigmas:
[[ 487.52842992  424.75701503   85.34503352 ...,  403.32239972
   175.88231468  500.74514764]
 [ 424.75701503  138.85598232   97.16910653 ...,  441.28901182
   625.99754014  263.7058422 ]
 [  85.34503352   97.16910653  560.89374888 ...,  334.51169792  243.8122305
   296.89862692]
 ..., 
 [ 403.32239972  441.28901182  334.51169792 ...,  293.50421509
   340.91807617  559.60106639]
 [ 175.88231468  625.99754014  243.8122305  ...,  340.91807617
   552.42385467  248.14764335]
 [ 500.74514764  263.7058422   296.89862692 ...,  559.60106639
   248.14764335  648.09463808]]
saving sigmas to:  ./sigmas/modelReal_singleUpdateII_Alpha1000_700/modelReal_singleUpdateII_Alpha1000_700_step20.npy
gm
[[  1.00000000e+000   1.05791466e-001   4.06307118e-108 ...,
    3.58093585e-004   3.77378572e-024   9.95122682e-001]
 [  1.05791466e-001   1.00000000e+000   5.91328643e-063 ...,
    3.19445361e-002   6.69566583e-002   4.03798870e-003]
 [  4.06307118e-108   5.91328643e-063   1.00000000e+000 ...,
    1.44390681e-007   3.63028644e-018   1.86980302e-009]
 ..., 
 [  3.58093585e-004   3.19445361e-002   1.44390681e-007 ...,
    1.00000000e+000   3.68980432e-005   1.81472722e-002]
 [  3.77378572e-024   6.69566583e-002   3.63028644e-018 ...,
    3.68980432e-005   1.00000000e+000   2.56360745e-012]
 [  9.95122682e-001   4.03798870e-003   1.86980302e-009 ...,
    1.81472722e-002   2.56360745e-012   1.00000000e+000]]
epoch:  20  errors:  38.916243478
sigmas:
[[ 487.52842992  424.75696733   85.34503352 ...,  403.32239971
   175.88231468  500.74801147]
 [ 424.75696733  138.85598232   97.16910653 ...,  441.28897113  625.9976217
   263.70584101]
 [  85.34503352   97.16910653  560.89374888 ...,  334.51169792  243.8122305
   296.89862692]
 ..., 
 [ 403.32239971  441.28897113  334.51169792 ...,  293.50421509
   340.91807634  559.60106645]
 [ 175.88231468  625.9976217   243.8122305  ...,  340.91807634
   552.42385467  248.14764335]
 [ 500.74801147  263.70584101  296.89862692 ...,  559.60106645
   248.14764335  648.09463808]]
saving sigmas to:  ./sigmas/modelReal_singleUpdateII_Alpha1000_700/modelReal_singleUpdateII_Alpha1000_700_step21.npy
gm
[[  1.00000000e+000   1.05791413e-001   4.06307118e-108 ...,
    3.58093585e-004   3.77378572e-024   9.95122737e-001]
 [  1.05791413e-001   1.00000000e+000   5.91328643e-063 ...,
    3.19445158e-002   6.69567055e-002   4.03798850e-003]
 [  4.06307118e-108   5.91328643e-063   1.00000000e+000 ...,
    1.44390681e-007   3.63028644e-018   1.86980302e-009]
 ..., 
 [  3.58093585e-004   3.19445158e-002   1.44390681e-007 ...,
    1.00000000e+000   3.68980435e-005   1.81472722e-002]
 [  3.77378572e-024   6.69567055e-002   3.63028644e-018 ...,
    3.68980435e-005   1.00000000e+000   2.56360745e-012]
 [  9.95122737e-001   4.03798850e-003   1.86980302e-009 ...,
    1.81472722e-002   2.56360745e-012   1.00000000e+000]]
epoch:  21  errors:  38.9162898156
sigmas:
[[ 487.52842992  424.75691963   85.34503352 ...,  403.3223997   175.88231468
   500.7508753 ]
 [ 424.75691963  138.85598232   97.16910653 ...,  441.28893045
   625.99770325  263.70583983]
 [  85.34503352   97.16910653  560.89374888 ...,  334.51169792  243.8122305
   296.89862692]
 ..., 
 [ 403.3223997   441.28893045  334.51169792 ...,  293.50421509
   340.91807651  559.60106652]
 [ 175.88231468  625.99770325  243.8122305  ...,  340.91807651
   552.42385467  248.14764335]
 [ 500.7508753   263.70583983  296.89862692 ...,  559.60106652
   248.14764335  648.09463808]]
saving sigmas to:  ./sigmas/modelReal_singleUpdateII_Alpha1000_700/modelReal_singleUpdateII_Alpha1000_700_step22.npy
gm
[[  1.00000000e+000   1.05791359e-001   4.06307118e-108 ...,
    3.58093585e-004   3.77378572e-024   9.95122793e-001]
 [  1.05791359e-001   1.00000000e+000   5.91328643e-063 ...,
    3.19444955e-002   6.69567526e-002   4.03798830e-003]
 [  4.06307118e-108   5.91328643e-063   1.00000000e+000 ...,
    1.44390681e-007   3.63028644e-018   1.86980302e-009]
 ..., 
 [  3.58093585e-004   3.19444955e-002   1.44390681e-007 ...,
    1.00000000e+000   3.68980439e-005   1.81472723e-002]
 [  3.77378572e-024   6.69567526e-002   3.63028644e-018 ...,
    3.68980439e-005   1.00000000e+000   2.56360745e-012]
 [  9.95122793e-001   4.03798830e-003   1.86980302e-009 ...,
    1.81472723e-002   2.56360745e-012   1.00000000e+000]]
epoch:  22  errors:  38.9163361558
sigmas:
[[ 487.52842992  424.75687193   85.34503352 ...,  403.32239969
   175.88231468  500.75373913]
 [ 424.75687193  138.85598232   97.16910653 ...,  441.28888977
   625.99778481  263.70583864]
 [  85.34503352   97.16910653  560.89374888 ...,  334.51169792  243.8122305
   296.89862692]
 ..., 
 [ 403.32239969  441.28888977  334.51169792 ...,  293.50421509
   340.91807668  559.60106658]
 [ 175.88231468  625.99778481  243.8122305  ...,  340.91807668
   552.42385467  248.14764335]
 [ 500.75373913  263.70583864  296.89862692 ...,  559.60106658
   248.14764335  648.09463808]]
saving sigmas to:  ./sigmas/modelReal_singleUpdateII_Alpha1000_700/modelReal_singleUpdateII_Alpha1000_700_step23.npy
gm
[[  1.00000000e+000   1.05791306e-001   4.06307118e-108 ...,
    3.58093585e-004   3.77378572e-024   9.95122849e-001]
 [  1.05791306e-001   1.00000000e+000   5.91328643e-063 ...,
    3.19444752e-002   6.69567998e-002   4.03798810e-003]
 [  4.06307118e-108   5.91328643e-063   1.00000000e+000 ...,
    1.44390681e-007   3.63028644e-018   1.86980302e-009]
 ..., 
 [  3.58093585e-004   3.19444752e-002   1.44390681e-007 ...,
    1.00000000e+000   3.68980443e-005   1.81472723e-002]
 [  3.77378572e-024   6.69567998e-002   3.63028644e-018 ...,
    3.68980443e-005   1.00000000e+000   2.56360745e-012]
 [  9.95122849e-001   4.03798810e-003   1.86980302e-009 ...,
    1.81472723e-002   2.56360745e-012   1.00000000e+000]]
epoch:  23  errors:  38.9163824987
sigmas:
[[ 487.52842992  424.75682423   85.34503352 ...,  403.32239968
   175.88231468  500.75660296]
 [ 424.75682423  138.85598232   97.16910653 ...,  441.28884909
   625.99786636  263.70583745]
 [  85.34503352   97.16910653  560.89374888 ...,  334.51169792  243.8122305
   296.89862692]
 ..., 
 [ 403.32239968  441.28884909  334.51169792 ...,  293.50421509
   340.91807685  559.60106665]
 [ 175.88231468  625.99786636  243.8122305  ...,  340.91807685
   552.42385467  248.14764335]
 [ 500.75660296  263.70583745  296.89862692 ...,  559.60106665
   248.14764335  648.09463808]]
saving sigmas to:  ./sigmas/modelReal_singleUpdateII_Alpha1000_700/modelReal_singleUpdateII_Alpha1000_700_step24.npy
gm
[[  1.00000000e+000   1.05791252e-001   4.06307118e-108 ...,
    3.58093585e-004   3.77378572e-024   9.95122904e-001]
 [  1.05791252e-001   1.00000000e+000   5.91328643e-063 ...,
    3.19444549e-002   6.69568470e-002   4.03798790e-003]
 [  4.06307118e-108   5.91328643e-063   1.00000000e+000 ...,
    1.44390681e-007   3.63028644e-018   1.86980302e-009]
 ..., 
 [  3.58093585e-004   3.19444549e-002   1.44390681e-007 ...,
    1.00000000e+000   3.68980446e-005   1.81472723e-002]
 [  3.77378572e-024   6.69568470e-002   3.63028644e-018 ...,
    3.68980446e-005   1.00000000e+000   2.56360745e-012]
 [  9.95122904e-001   4.03798790e-003   1.86980302e-009 ...,
    1.81472723e-002   2.56360745e-012   1.00000000e+000]]
epoch:  24  errors:  38.9164288441
sigmas:
[[ 487.52842992  424.75677653   85.34503352 ...,  403.32239967
   175.88231468  500.7594668 ]
 [ 424.75677653  138.85598232   97.16910653 ...,  441.28880841
   625.99794792  263.70583626]
 [  85.34503352   97.16910653  560.89374888 ...,  334.51169792  243.8122305
   296.89862692]
 ..., 
 [ 403.32239967  441.28880841  334.51169792 ...,  293.50421509
   340.91807702  559.60106671]
 [ 175.88231468  625.99794792  243.8122305  ...,  340.91807702
   552.42385467  248.14764335]
 [ 500.7594668   263.70583626  296.89862692 ...,  559.60106671
   248.14764335  648.09463808]]
saving sigmas to:  ./sigmas/modelReal_singleUpdateII_Alpha1000_700/modelReal_singleUpdateII_Alpha1000_700_step25.npy
gm
[[  1.00000000e+000   1.05791199e-001   4.06307118e-108 ...,
    3.58093585e-004   3.77378572e-024   9.95122960e-001]
 [  1.05791199e-001   1.00000000e+000   5.91328643e-063 ...,
    3.19444347e-002   6.69568941e-002   4.03798770e-003]
 [  4.06307118e-108   5.91328643e-063   1.00000000e+000 ...,
    1.44390681e-007   3.63028644e-018   1.86980302e-009]
 ..., 
 [  3.58093585e-004   3.19444347e-002   1.44390681e-007 ...,
    1.00000000e+000   3.68980450e-005   1.81472723e-002]
