Loading cqt and beats... 
Perform sync
Perform loadInterval2Frame
[[array([], dtype=float64), 'Silence'], [array([ 0, 18]), 'I'], [array([18, 50]), 'V'], [array([50, 81]), 'V'], [array([ 81, 113]), 'C'], [array([113, 130]), 'T'], [array([130, 161]), 'V'], [array([161, 193]), 'C'], [array([193, 242]), "T'"], [array([242, 274]), 'C'], [array([274, 321]), 'O'], [array([], dtype=float64), 'Silence']]
[[array([ 0, 18]), 'I'], [array([18, 50]), 'V'], [array([50, 81]), 'V'], [array([ 81, 113]), 'C'], [array([113, 130]), 'T'], [array([130, 161]), 'V'], [array([161, 193]), 'C'], [array([193, 242]), "T'"], [array([242, 274]), 'C'], [array([274, 321]), 'O']]
sigmas
[[ 1044.7037784    910.19575013   182.88221468 ...,   864.26228558
    376.89067432  1072.8964453 ]
 [  910.19575013   297.54853354   208.219514   ...,   945.62114176
   1341.41963037   565.08400098]
 [  182.88221468   208.219514    1201.91517618 ...,   716.81078126
    522.45477964   636.2113434 ]
 ..., 
 [  864.26228558   945.62114176   716.81078126 ...,   628.93760376
    730.53872709  1199.14513933]
 [  376.89067432  1341.41963037   522.45477964 ...,   730.53872709
   1183.76540287   531.74495004]
 [ 1072.8964453    565.08400098   636.2113434  ...,  1199.14513933
    531.74495004  1388.77422446]]
gm.shape:  (322, 322)
[[  1.00000000e+00   6.13123595e-01   4.09821714e-24 ...,   1.77638471e-01
    7.92396590e-06   9.98935541e-01]
 [  6.13123595e-01   1.00000000e+00   2.80599690e-14 ...,   4.72380621e-01
    5.54986702e-01   3.01075942e-01]
 [  4.09821714e-24   2.80599690e-14   1.00000000e+00 ...,   3.23816997e-02
    1.59199861e-04   1.25658276e-02]
 ..., 
 [  1.77638471e-01   4.72380621e-01   3.23816997e-02 ...,   1.00000000e+00
    1.08290864e-01   4.17645498e-01]
 [  7.92396590e-06   5.54986702e-01   1.59199861e-04 ...,   1.08290864e-01
    1.00000000e+00   2.99023585e-03]
 [  9.98935541e-01   3.01075942e-01   1.25658276e-02 ...,   4.17645498e-01
    2.99023585e-03   1.00000000e+00]]
L_true
[[ 1.         -0.05555556 -0.05555556 ..., -0.         -0.         -0.        ]
 [-0.05555556  1.         -0.05555556 ..., -0.         -0.         -0.        ]
 [-0.05555556 -0.05555556  1.         ..., -0.         -0.         -0.        ]
 ..., 
 [-0.         -0.         -0.         ...,  1.         -0.0212766
  -0.0212766 ]
 [-0.         -0.         -0.         ..., -0.0212766   1.         -0.0212766 ]
 [-0.         -0.         -0.         ..., -0.0212766  -0.0212766   1.        ]]
gm.shape, m_true.shape:  (322, 322) (322, 322)
gm is symmetric:  True
m_true is symmetric:  True
errors:  5.6471029612
sigmas:
[[ 1044.7037784    910.19574927   182.88221468 ...,   864.26228516
    376.89067432  1072.89648145]
 [  910.19574927   297.54853354   208.219514   ...,   945.62114347
   1341.41963586   565.08399724]
 [  182.88221468   208.219514    1201.91517618 ...,   716.81078121
    522.45477964   636.21134339]
 ..., 
 [  864.26228516   945.62114347   716.81078121 ...,   628.93760376
    730.53872775  1199.1451402 ]
 [  376.89067432  1341.41963586   522.45477964 ...,   730.53872775
   1183.76540287   531.74495019]
 [ 1072.89648145   565.08399724   636.21134339 ...,  1199.1451402
    531.74495019  1388.77422446]]
saving sigmas to:  ./sigmas/modelReal_singleUpdateII_Alpha1000_1500/modelReal_singleUpdateII_Alpha1000_1500_step0.npy
gm
[[  1.00000000e+00   6.13123594e-01   4.09821714e-24 ...,   1.77638470e-01
    7.92396590e-06   9.98935541e-01]
 [  6.13123594e-01   1.00000000e+00   2.80599690e-14 ...,   4.72380623e-01
    5.54986705e-01   3.01075937e-01]
 [  4.09821714e-24   2.80599690e-14   1.00000000e+00 ...,   3.23816997e-02
    1.59199861e-04   1.25658276e-02]
 ..., 
 [  1.77638470e-01   4.72380623e-01   3.23816997e-02 ...,   1.00000000e+00
    1.08290864e-01   4.17645498e-01]
 [  7.92396590e-06   5.54986705e-01   1.59199861e-04 ...,   1.08290864e-01
    1.00000000e+00   2.99023586e-03]
 [  9.98935541e-01   3.01075937e-01   1.25658276e-02 ...,   4.17645498e-01
    2.99023586e-03   1.00000000e+00]]
epoch:  0  errors:  5.64710302674
sigmas:
[[ 1044.7037784    910.1957484    182.88221468 ...,   864.26228474
    376.89067432  1072.8965176 ]
 [  910.1957484    297.54853354   208.219514   ...,   945.62114518
   1341.41964135   565.0839935 ]
 [  182.88221468   208.219514    1201.91517618 ...,   716.81078117
    522.45477964   636.21134338]
 ..., 
 [  864.26228474   945.62114518   716.81078117 ...,   628.93760376
    730.53872841  1199.14514108]
 [  376.89067432  1341.41964135   522.45477964 ...,   730.53872841
   1183.76540287   531.74495035]
 [ 1072.8965176    565.0839935    636.21134338 ...,  1199.14514108
    531.74495035  1388.77422446]]
saving sigmas to:  ./sigmas/modelReal_singleUpdateII_Alpha1000_1500/modelReal_singleUpdateII_Alpha1000_1500_step1.npy
gm
[[  1.00000000e+00   6.13123594e-01   4.09821714e-24 ...,   1.77638470e-01
    7.92396590e-06   9.98935541e-01]
 [  6.13123594e-01   1.00000000e+00   2.80599690e-14 ...,   4.72380624e-01
    5.54986708e-01   3.01075932e-01]
 [  4.09821714e-24   2.80599690e-14   1.00000000e+00 ...,   3.23816996e-02
    1.59199861e-04   1.25658276e-02]
 ..., 
 [  1.77638470e-01   4.72380624e-01   3.23816996e-02 ...,   1.00000000e+00
    1.08290865e-01   4.17645499e-01]
 [  7.92396590e-06   5.54986708e-01   1.59199861e-04 ...,   1.08290865e-01
    1.00000000e+00   2.99023587e-03]
 [  9.98935541e-01   3.01075932e-01   1.25658276e-02 ...,   4.17645499e-01
    2.99023587e-03   1.00000000e+00]]
epoch:  1  errors:  5.64710309227
sigmas:
[[ 1044.7037784    910.19574753   182.88221468 ...,   864.26228432
    376.89067432  1072.89655376]
 [  910.19574753   297.54853354   208.219514   ...,   945.62114689
   1341.41964683   565.08398975]
 [  182.88221468   208.219514    1201.91517618 ...,   716.81078113
    522.45477964   636.21134337]
 ..., 
 [  864.26228432   945.62114689   716.81078113 ...,   628.93760376
    730.53872907  1199.14514196]
 [  376.89067432  1341.41964683   522.45477964 ...,   730.53872907
   1183.76540287   531.7449505 ]
 [ 1072.89655376   565.08398975   636.21134337 ...,  1199.14514196
    531.7449505   1388.77422446]]
saving sigmas to:  ./sigmas/modelReal_singleUpdateII_Alpha1000_1500/modelReal_singleUpdateII_Alpha1000_1500_step2.npy
gm
[[  1.00000000e+00   6.13123593e-01   4.09821714e-24 ...,   1.77638470e-01
    7.92396590e-06   9.98935541e-01]
 [  6.13123593e-01   1.00000000e+00   2.80599690e-14 ...,   4.72380625e-01
    5.54986710e-01   3.01075927e-01]
 [  4.09821714e-24   2.80599690e-14   1.00000000e+00 ...,   3.23816996e-02
    1.59199861e-04   1.25658276e-02]
 ..., 
 [  1.77638470e-01   4.72380625e-01   3.23816996e-02 ...,   1.00000000e+00
    1.08290865e-01   4.17645499e-01]
 [  7.92396590e-06   5.54986710e-01   1.59199861e-04 ...,   1.08290865e-01
    1.00000000e+00   2.99023588e-03]
 [  9.98935541e-01   3.01075927e-01   1.25658276e-02 ...,   4.17645499e-01
    2.99023588e-03   1.00000000e+00]]
epoch:  2  errors:  5.64710315781
sigmas:
[[ 1044.7037784    910.19574666   182.88221468 ...,   864.2622839
    376.89067432  1072.89658991]
 [  910.19574666   297.54853354   208.219514   ...,   945.6211486
   1341.41965232   565.08398601]
 [  182.88221468   208.219514    1201.91517618 ...,   716.81078108
    522.45477964   636.21134336]
 ..., 
 [  864.2622839    945.6211486    716.81078108 ...,   628.93760376
    730.53872973  1199.14514284]
 [  376.89067432  1341.41965232   522.45477964 ...,   730.53872973
   1183.76540287   531.74495065]
 [ 1072.89658991   565.08398601   636.21134336 ...,  1199.14514284
    531.74495065  1388.77422446]]
saving sigmas to:  ./sigmas/modelReal_singleUpdateII_Alpha1000_1500/modelReal_singleUpdateII_Alpha1000_1500_step3.npy
gm
[[  1.00000000e+00   6.13123592e-01   4.09821714e-24 ...,   1.77638469e-01
    7.92396590e-06   9.98935541e-01]
 [  6.13123592e-01   1.00000000e+00   2.80599690e-14 ...,   4.72380626e-01
    5.54986713e-01   3.01075923e-01]
 [  4.09821714e-24   2.80599690e-14   1.00000000e+00 ...,   3.23816996e-02
    1.59199861e-04   1.25658276e-02]
 ..., 
 [  1.77638469e-01   4.72380626e-01   3.23816996e-02 ...,   1.00000000e+00
    1.08290865e-01   4.17645500e-01]
 [  7.92396590e-06   5.54986713e-01   1.59199861e-04 ...,   1.08290865e-01
    1.00000000e+00   2.99023588e-03]
 [  9.98935541e-01   3.01075923e-01   1.25658276e-02 ...,   4.17645500e-01
    2.99023588e-03   1.00000000e+00]]
epoch:  3  errors:  5.64710322334
sigmas:
[[ 1044.7037784    910.19574579   182.88221468 ...,   864.26228348
    376.89067432  1072.89662607]
 [  910.19574579   297.54853354   208.219514   ...,   945.62115031
   1341.4196578    565.08398227]
 [  182.88221468   208.219514    1201.91517618 ...,   716.81078104
    522.45477964   636.21134334]
 ..., 
 [  864.26228348   945.62115031   716.81078104 ...,   628.93760376
    730.5387304   1199.14514372]
 [  376.89067432  1341.4196578    522.45477964 ...,   730.5387304
   1183.76540287   531.7449508 ]
 [ 1072.89662607   565.08398227   636.21134334 ...,  1199.14514372
    531.7449508   1388.77422446]]
saving sigmas to:  ./sigmas/modelReal_singleUpdateII_Alpha1000_1500/modelReal_singleUpdateII_Alpha1000_1500_step4.npy
gm
[[  1.00000000e+00   6.13123592e-01   4.09821714e-24 ...,   1.77638469e-01
    7.92396590e-06   9.98935541e-01]
 [  6.13123592e-01   1.00000000e+00   2.80599690e-14 ...,   4.72380628e-01
    5.54986716e-01   3.01075918e-01]
 [  4.09821714e-24   2.80599690e-14   1.00000000e+00 ...,   3.23816996e-02
    1.59199861e-04   1.25658276e-02]
 ..., 
 [  1.77638469e-01   4.72380628e-01   3.23816996e-02 ...,   1.00000000e+00
    1.08290866e-01   4.17645501e-01]
 [  7.92396590e-06   5.54986716e-01   1.59199861e-04 ...,   1.08290866e-01
    1.00000000e+00   2.99023589e-03]
 [  9.98935541e-01   3.01075918e-01   1.25658276e-02 ...,   4.17645501e-01
    2.99023589e-03   1.00000000e+00]]
epoch:  4  errors:  5.64710328888
sigmas:
[[ 1044.7037784    910.19574492   182.88221468 ...,   864.26228306
    376.89067432  1072.89666222]
 [  910.19574492   297.54853354   208.219514   ...,   945.62115203
   1341.41966329   565.08397853]
 [  182.88221468   208.219514    1201.91517618 ...,   716.810781
    522.45477964   636.21134333]
 ..., 
 [  864.26228306   945.62115203   716.810781   ...,   628.93760376
    730.53873106  1199.14514459]
 [  376.89067432  1341.41966329   522.45477964 ...,   730.53873106
   1183.76540287   531.74495095]
 [ 1072.89666222   565.08397853   636.21134333 ...,  1199.14514459
    531.74495095  1388.77422446]]
saving sigmas to:  ./sigmas/modelReal_singleUpdateII_Alpha1000_1500/modelReal_singleUpdateII_Alpha1000_1500_step5.npy
gm
[[  1.00000000e+00   6.13123591e-01   4.09821714e-24 ...,   1.77638469e-01
    7.92396590e-06   9.98935541e-01]
 [  6.13123591e-01   1.00000000e+00   2.80599690e-14 ...,   4.72380629e-01
    5.54986718e-01   3.01075913e-01]
 [  4.09821714e-24   2.80599690e-14   1.00000000e+00 ...,   3.23816996e-02
    1.59199861e-04   1.25658276e-02]
 ..., 
 [  1.77638469e-01   4.72380629e-01   3.23816996e-02 ...,   1.00000000e+00
    1.08290866e-01   4.17645501e-01]
 [  7.92396590e-06   5.54986718e-01   1.59199861e-04 ...,   1.08290866e-01
    1.00000000e+00   2.99023590e-03]
 [  9.98935541e-01   3.01075913e-01   1.25658276e-02 ...,   4.17645501e-01
    2.99023590e-03   1.00000000e+00]]
epoch:  5  errors:  5.64710335441
sigmas:
[[ 1044.7037784    910.19574405   182.88221468 ...,   864.26228264
    376.89067432  1072.89669837]
 [  910.19574405   297.54853354   208.219514   ...,   945.62115374
   1341.41966877   565.08397479]
 [  182.88221468   208.219514    1201.91517618 ...,   716.81078095
    522.45477964   636.21134332]
 ..., 
 [  864.26228264   945.62115374   716.81078095 ...,   628.93760376
    730.53873172  1199.14514547]
 [  376.89067432  1341.41966877   522.45477964 ...,   730.53873172
   1183.76540287   531.7449511 ]
 [ 1072.89669837   565.08397479   636.21134332 ...,  1199.14514547
    531.7449511   1388.77422446]]
saving sigmas to:  ./sigmas/modelReal_singleUpdateII_Alpha1000_1500/modelReal_singleUpdateII_Alpha1000_1500_step6.npy
gm
[[  1.00000000e+00   6.13123591e-01   4.09821714e-24 ...,   1.77638469e-01
    7.92396590e-06   9.98935541e-01]
 [  6.13123591e-01   1.00000000e+00   2.80599690e-14 ...,   4.72380630e-01
    5.54986721e-01   3.01075908e-01]
 [  4.09821714e-24   2.80599690e-14   1.00000000e+00 ...,   3.23816996e-02
    1.59199861e-04   1.25658276e-02]
 ..., 
 [  1.77638469e-01   4.72380630e-01   3.23816996e-02 ...,   1.00000000e+00
    1.08290867e-01   4.17645502e-01]
 [  7.92396590e-06   5.54986721e-01   1.59199861e-04 ...,   1.08290867e-01
    1.00000000e+00   2.99023591e-03]
 [  9.98935541e-01   3.01075908e-01   1.25658276e-02 ...,   4.17645502e-01
    2.99023591e-03   1.00000000e+00]]
epoch:  6  errors:  5.64710341995
sigmas:
[[ 1044.7037784    910.19574318   182.88221468 ...,   864.26228222
    376.89067432  1072.89673453]
 [  910.19574318   297.54853354   208.219514   ...,   945.62115545
   1341.41967426   565.08397105]
 [  182.88221468   208.219514    1201.91517618 ...,   716.81078091
    522.45477964   636.21134331]
 ..., 
 [  864.26228222   945.62115545   716.81078091 ...,   628.93760376
    730.53873238  1199.14514635]
 [  376.89067432  1341.41967426   522.45477964 ...,   730.53873238
   1183.76540287   531.74495126]
 [ 1072.89673453   565.08397105   636.21134331 ...,  1199.14514635
    531.74495126  1388.77422446]]
saving sigmas to:  ./sigmas/modelReal_singleUpdateII_Alpha1000_1500/modelReal_singleUpdateII_Alpha1000_1500_step7.npy
gm
[[  1.00000000e+00   6.13123590e-01   4.09821714e-24 ...,   1.77638468e-01
    7.92396590e-06   9.98935541e-01]
 [  6.13123590e-01   1.00000000e+00   2.80599690e-14 ...,   4.72380632e-01
    5.54986724e-01   3.01075903e-01]
 [  4.09821714e-24   2.80599690e-14   1.00000000e+00 ...,   3.23816996e-02
    1.59199861e-04   1.25658276e-02]
 ..., 
 [  1.77638468e-01   4.72380632e-01   3.23816996e-02 ...,   1.00000000e+00
    1.08290867e-01   4.17645502e-01]
 [  7.92396590e-06   5.54986724e-01   1.59199861e-04 ...,   1.08290867e-01
    1.00000000e+00   2.99023592e-03]
 [  9.98935541e-01   3.01075903e-01   1.25658276e-02 ...,   4.17645502e-01
    2.99023592e-03   1.00000000e+00]]
epoch:  7  errors:  5.64710348548
sigmas:
[[ 1044.7037784    910.19574231   182.88221468 ...,   864.2622818
    376.89067432  1072.89677068]
 [  910.19574231   297.54853354   208.219514   ...,   945.62115716
   1341.41967975   565.08396731]
 [  182.88221468   208.219514    1201.91517618 ...,   716.81078087
    522.45477964   636.2113433 ]
 ..., 
 [  864.2622818    945.62115716   716.81078087 ...,   628.93760376
    730.53873304  1199.14514723]
 [  376.89067432  1341.41967975   522.45477964 ...,   730.53873304
   1183.76540287   531.74495141]
 [ 1072.89677068   565.08396731   636.2113433  ...,  1199.14514723
    531.74495141  1388.77422446]]
saving sigmas to:  ./sigmas/modelReal_singleUpdateII_Alpha1000_1500/modelReal_singleUpdateII_Alpha1000_1500_step8.npy
gm
[[  1.00000000e+00   6.13123589e-01   4.09821714e-24 ...,   1.77638468e-01
    7.92396590e-06   9.98935542e-01]
 [  6.13123589e-01   1.00000000e+00   2.80599690e-14 ...,   4.72380633e-01
    5.54986726e-01   3.01075899e-01]
 [  4.09821714e-24   2.80599690e-14   1.00000000e+00 ...,   3.23816996e-02
    1.59199861e-04   1.25658276e-02]
 ..., 
 [  1.77638468e-01   4.72380633e-01   3.23816996e-02 ...,   1.00000000e+00
    1.08290868e-01   4.17645503e-01]
 [  7.92396590e-06   5.54986726e-01   1.59199861e-04 ...,   1.08290868e-01
    1.00000000e+00   2.99023593e-03]
 [  9.98935542e-01   3.01075899e-01   1.25658276e-02 ...,   4.17645503e-01
    2.99023593e-03   1.00000000e+00]]
epoch:  8  errors:  5.64710355101
sigmas:
[[ 1044.7037784    910.19574144   182.88221468 ...,   864.26228138
    376.89067432  1072.89680684]
 [  910.19574144   297.54853354   208.219514   ...,   945.62115887
   1341.41968523   565.08396357]
 [  182.88221468   208.219514    1201.91517618 ...,   716.81078083
    522.45477964   636.21134329]
 ..., 
 [  864.26228138   945.62115887   716.81078083 ...,   628.93760376
    730.5387337   1199.1451481 ]
 [  376.89067432  1341.41968523   522.45477964 ...,   730.5387337
   1183.76540287   531.74495156]
 [ 1072.89680684   565.08396357   636.21134329 ...,  1199.1451481
    531.74495156  1388.77422446]]
saving sigmas to:  ./sigmas/modelReal_singleUpdateII_Alpha1000_1500/modelReal_singleUpdateII_Alpha1000_1500_step9.npy
gm
[[  1.00000000e+00   6.13123589e-01   4.09821714e-24 ...,   1.77638468e-01
    7.92396590e-06   9.98935542e-01]
 [  6.13123589e-01   1.00000000e+00   2.80599690e-14 ...,   4.72380634e-01
    5.54986729e-01   3.01075894e-01]
 [  4.09821714e-24   2.80599690e-14   1.00000000e+00 ...,   3.23816995e-02
    1.59199861e-04   1.25658276e-02]
 ..., 
 [  1.77638468e-01   4.72380634e-01   3.23816995e-02 ...,   1.00000000e+00
    1.08290868e-01   4.17645503e-01]
 [  7.92396590e-06   5.54986729e-01   1.59199861e-04 ...,   1.08290868e-01
    1.00000000e+00   2.99023594e-03]
 [  9.98935542e-01   3.01075894e-01   1.25658276e-02 ...,   4.17645503e-01
    2.99023594e-03   1.00000000e+00]]
epoch:  9  errors:  5.64710361655
sigmas:
[[ 1044.7037784    910.19574058   182.88221468 ...,   864.26228096
    376.89067432  1072.89684299]
 [  910.19574058   297.54853354   208.219514   ...,   945.62116058
   1341.41969072   565.08395983]
 [  182.88221468   208.219514    1201.91517618 ...,   716.81078078
    522.45477964   636.21134327]
 ..., 
 [  864.26228096   945.62116058   716.81078078 ...,   628.93760376
    730.53873436  1199.14514898]
 [  376.89067432  1341.41969072   522.45477964 ...,   730.53873436
   1183.76540287   531.74495171]
 [ 1072.89684299   565.08395983   636.21134327 ...,  1199.14514898
    531.74495171  1388.77422446]]
saving sigmas to:  ./sigmas/modelReal_singleUpdateII_Alpha1000_1500/modelReal_singleUpdateII_Alpha1000_1500_step10.npy
gm
[[  1.00000000e+00   6.13123588e-01   4.09821714e-24 ...,   1.77638467e-01
    7.92396590e-06   9.98935542e-01]
 [  6.13123588e-01   1.00000000e+00   2.80599690e-14 ...,   4.72380635e-01
    5.54986732e-01   3.01075889e-01]
 [  4.09821714e-24   2.80599690e-14   1.00000000e+00 ...,   3.23816995e-02
    1.59199861e-04   1.25658276e-02]
 ..., 
 [  1.77638467e-01   4.72380635e-01   3.23816995e-02 ...,   1.00000000e+00
    1.08290868e-01   4.17645504e-01]
 [  7.92396590e-06   5.54986732e-01   1.59199861e-04 ...,   1.08290868e-01
    1.00000000e+00   2.99023595e-03]
 [  9.98935542e-01   3.01075889e-01   1.25658276e-02 ...,   4.17645504e-01
    2.99023595e-03   1.00000000e+00]]
epoch:  10  errors:  5.64710368208
sigmas:
[[ 1044.7037784    910.19573971   182.88221468 ...,   864.26228054
    376.89067432  1072.89687914]
 [  910.19573971   297.54853354   208.219514   ...,   945.6211623
   1341.4196962    565.08395609]
 [  182.88221468   208.219514    1201.91517618 ...,   716.81078074
    522.45477964   636.21134326]
 ..., 
 [  864.26228054   945.6211623    716.81078074 ...,   628.93760376
    730.53873503  1199.14514986]
 [  376.89067432  1341.4196962    522.45477964 ...,   730.53873503
   1183.76540287   531.74495186]
 [ 1072.89687914   565.08395609   636.21134326 ...,  1199.14514986
    531.74495186  1388.77422446]]
saving sigmas to:  ./sigmas/modelReal_singleUpdateII_Alpha1000_1500/modelReal_singleUpdateII_Alpha1000_1500_step11.npy
gm
[[  1.00000000e+00   6.13123588e-01   4.09821714e-24 ...,   1.77638467e-01
    7.92396590e-06   9.98935542e-01]
 [  6.13123588e-01   1.00000000e+00   2.80599690e-14 ...,   4.72380637e-01
    5.54986734e-01   3.01075884e-01]
 [  4.09821714e-24   2.80599690e-14   1.00000000e+00 ...,   3.23816995e-02
    1.59199861e-04   1.25658276e-02]
 ..., 
 [  1.77638467e-01   4.72380637e-01   3.23816995e-02 ...,   1.00000000e+00
    1.08290869e-01   4.17645504e-01]
 [  7.92396590e-06   5.54986734e-01   1.59199861e-04 ...,   1.08290869e-01
    1.00000000e+00   2.99023596e-03]
 [  9.98935542e-01   3.01075884e-01   1.25658276e-02 ...,   4.17645504e-01
    2.99023596e-03   1.00000000e+00]]
epoch:  11  errors:  5.64710374762
sigmas:
[[ 1044.7037784    910.19573884   182.88221468 ...,   864.26228012
    376.89067432  1072.8969153 ]
 [  910.19573884   297.54853354   208.219514   ...,   945.62116401
   1341.41970169   565.08395235]
 [  182.88221468   208.219514    1201.91517618 ...,   716.8107807
    522.45477964   636.21134325]
 ..., 
 [  864.26228012   945.62116401   716.8107807  ...,   628.93760376
    730.53873569  1199.14515074]
 [  376.89067432  1341.41970169   522.45477964 ...,   730.53873569
   1183.76540287   531.74495201]
 [ 1072.8969153    565.08395235   636.21134325 ...,  1199.14515074
    531.74495201  1388.77422446]]
saving sigmas to:  ./sigmas/modelReal_singleUpdateII_Alpha1000_1500/modelReal_singleUpdateII_Alpha1000_1500_step12.npy
gm
[[  1.00000000e+00   6.13123587e-01   4.09821714e-24 ...,   1.77638467e-01
    7.92396590e-06   9.98935542e-01]
 [  6.13123587e-01   1.00000000e+00   2.80599690e-14 ...,   4.72380638e-01
    5.54986737e-01   3.01075880e-01]
 [  4.09821714e-24   2.80599690e-14   1.00000000e+00 ...,   3.23816995e-02
    1.59199861e-04   1.25658276e-02]
 ..., 
 [  1.77638467e-01   4.72380638e-01   3.23816995e-02 ...,   1.00000000e+00
    1.08290869e-01   4.17645505e-01]
 [  7.92396590e-06   5.54986737e-01   1.59199861e-04 ...,   1.08290869e-01
    1.00000000e+00   2.99023597e-03]
 [  9.98935542e-01   3.01075880e-01   1.25658276e-02 ...,   4.17645505e-01
    2.99023597e-03   1.00000000e+00]]
epoch:  12  errors:  5.64710381315
sigmas:
[[ 1044.7037784    910.19573797   182.88221468 ...,   864.2622797
    376.89067432  1072.89695145]
 [  910.19573797   297.54853354   208.219514   ...,   945.62116572
   1341.41970717   565.0839486 ]
 [  182.88221468   208.219514    1201.91517618 ...,   716.81078065
    522.45477964   636.21134324]
 ..., 
 [  864.2622797    945.62116572   716.81078065 ...,   628.93760376
    730.53873635  1199.14515161]
 [  376.89067432  1341.41970717   522.45477964 ...,   730.53873635
   1183.76540287   531.74495217]
 [ 1072.89695145   565.0839486    636.21134324 ...,  1199.14515161
    531.74495217  1388.77422446]]
saving sigmas to:  ./sigmas/modelReal_singleUpdateII_Alpha1000_1500/modelReal_singleUpdateII_Alpha1000_1500_step13.npy
gm
[[  1.00000000e+00   6.13123587e-01   4.09821714e-24 ...,   1.77638466e-01
    7.92396590e-06   9.98935542e-01]
 [  6.13123587e-01   1.00000000e+00   2.80599690e-14 ...,   4.72380639e-01
    5.54986740e-01   3.01075875e-01]
 [  4.09821714e-24   2.80599690e-14   1.00000000e+00 ...,   3.23816995e-02
    1.59199861e-04   1.25658276e-02]
 ..., 
 [  1.77638466e-01   4.72380639e-01   3.23816995e-02 ...,   1.00000000e+00
    1.08290870e-01   4.17645505e-01]
 [  7.92396590e-06   5.54986740e-01   1.59199861e-04 ...,   1.08290870e-01
    1.00000000e+00   2.99023598e-03]
 [  9.98935542e-01   3.01075875e-01   1.25658276e-02 ...,   4.17645505e-01
    2.99023598e-03   1.00000000e+00]]
epoch:  13  errors:  5.64710387869
sigmas:
[[ 1044.7037784    910.1957371    182.88221468 ...,   864.26227928
    376.89067432  1072.8969876 ]
 [  910.1957371    297.54853354   208.219514   ...,   945.62116743
   1341.41971266   565.08394486]
 [  182.88221468   208.219514    1201.91517618 ...,   716.81078061
    522.45477964   636.21134323]
 ..., 
 [  864.26227928   945.62116743   716.81078061 ...,   628.93760376
    730.53873701  1199.14515249]
 [  376.89067432  1341.41971266   522.45477964 ...,   730.53873701
   1183.76540287   531.74495232]
 [ 1072.8969876    565.08394486   636.21134323 ...,  1199.14515249
    531.74495232  1388.77422446]]
saving sigmas to:  ./sigmas/modelReal_singleUpdateII_Alpha1000_1500/modelReal_singleUpdateII_Alpha1000_1500_step14.npy
gm
[[  1.00000000e+00   6.13123586e-01   4.09821714e-24 ...,   1.77638466e-01
    7.92396590e-06   9.98935542e-01]
 [  6.13123586e-01   1.00000000e+00   2.80599690e-14 ...,   4.72380641e-01
    5.54986743e-01   3.01075870e-01]
 [  4.09821714e-24   2.80599690e-14   1.00000000e+00 ...,   3.23816995e-02
    1.59199861e-04   1.25658276e-02]
 ..., 
 [  1.77638466e-01   4.72380641e-01   3.23816995e-02 ...,   1.00000000e+00
    1.08290870e-01   4.17645506e-01]
 [  7.92396590e-06   5.54986743e-01   1.59199861e-04 ...,   1.08290870e-01
    1.00000000e+00   2.99023599e-03]
 [  9.98935542e-01   3.01075870e-01   1.25658276e-02 ...,   4.17645506e-01
    2.99023599e-03   1.00000000e+00]]
epoch:  14  errors:  5.64710394422
sigmas:
[[ 1044.7037784    910.19573623   182.88221468 ...,   864.26227886
    376.89067432  1072.89702376]
 [  910.19573623   297.54853354   208.219514   ...,   945.62116914
   1341.41971815   565.08394112]
 [  182.88221468   208.219514    1201.91517618 ...,   716.81078057
    522.45477964   636.21134321]
 ..., 
 [  864.26227886   945.62116914   716.81078057 ...,   628.93760376
    730.53873767  1199.14515337]
 [  376.89067432  1341.41971815   522.45477964 ...,   730.53873767
   1183.76540287   531.74495247]
 [ 1072.89702376   565.08394112   636.21134321 ...,  1199.14515337
    531.74495247  1388.77422446]]
saving sigmas to:  ./sigmas/modelReal_singleUpdateII_Alpha1000_1500/modelReal_singleUpdateII_Alpha1000_1500_step15.npy
gm
[[  1.00000000e+00   6.13123585e-01   4.09821714e-24 ...,   1.77638466e-01
    7.92396590e-06   9.98935542e-01]
 [  6.13123585e-01   1.00000000e+00   2.80599690e-14 ...,   4.72380642e-01
    5.54986745e-01   3.01075865e-01]
 [  4.09821714e-24   2.80599690e-14   1.00000000e+00 ...,   3.23816995e-02
    1.59199861e-04   1.25658276e-02]
 ..., 
 [  1.77638466e-01   4.72380642e-01   3.23816995e-02 ...,   1.00000000e+00
    1.08290871e-01   4.17645506e-01]
 [  7.92396590e-06   5.54986745e-01   1.59199861e-04 ...,   1.08290871e-01
    1.00000000e+00   2.99023600e-03]
 [  9.98935542e-01   3.01075865e-01   1.25658276e-02 ...,   4.17645506e-01
    2.99023600e-03   1.00000000e+00]]
epoch:  15  errors:  5.64710400976
sigmas:
[[ 1044.7037784    910.19573536   182.88221468 ...,   864.26227844
    376.89067432  1072.89705991]
 [  910.19573536   297.54853354   208.219514   ...,   945.62117085
   1341.41972363   565.08393738]
 [  182.88221468   208.219514    1201.91517618 ...,   716.81078052
    522.45477964   636.2113432 ]
 ..., 
 [  864.26227844   945.62117085   716.81078052 ...,   628.93760376
    730.53873833  1199.14515425]
 [  376.89067432  1341.41972363   522.45477964 ...,   730.53873833
   1183.76540287   531.74495262]
 [ 1072.89705991   565.08393738   636.2113432  ...,  1199.14515425
    531.74495262  1388.77422446]]
saving sigmas to:  ./sigmas/modelReal_singleUpdateII_Alpha1000_1500/modelReal_singleUpdateII_Alpha1000_1500_step16.npy
gm
[[  1.00000000e+00   6.13123585e-01   4.09821714e-24 ...,   1.77638466e-01
    7.92396590e-06   9.98935542e-01]
 [  6.13123585e-01   1.00000000e+00   2.80599690e-14 ...,   4.72380643e-01
    5.54986748e-01   3.01075860e-01]
 [  4.09821714e-24   2.80599690e-14   1.00000000e+00 ...,   3.23816994e-02
    1.59199861e-04   1.25658276e-02]
 ..., 
 [  1.77638466e-01   4.72380643e-01   3.23816994e-02 ...,   1.00000000e+00
    1.08290871e-01   4.17645507e-01]
 [  7.92396590e-06   5.54986748e-01   1.59199861e-04 ...,   1.08290871e-01
    1.00000000e+00   2.99023601e-03]
 [  9.98935542e-01   3.01075860e-01   1.25658276e-02 ...,   4.17645507e-01
    2.99023601e-03   1.00000000e+00]]
epoch:  16  errors:  5.64710407529
sigmas:
[[ 1044.7037784    910.19573449   182.88221468 ...,   864.26227802
    376.89067432  1072.89709607]
 [  910.19573449   297.54853354   208.219514   ...,   945.62117257
   1341.41972912   565.08393364]
 [  182.88221468   208.219514    1201.91517618 ...,   716.81078048
    522.45477964   636.21134319]
 ..., 
 [  864.26227802   945.62117257   716.81078048 ...,   628.93760376
    730.53873899  1199.14515512]
 [  376.89067432  1341.41972912   522.45477964 ...,   730.53873899
   1183.76540287   531.74495277]
 [ 1072.89709607   565.08393364   636.21134319 ...,  1199.14515512
    531.74495277  1388.77422446]]
saving sigmas to:  ./sigmas/modelReal_singleUpdateII_Alpha1000_1500/modelReal_singleUpdateII_Alpha1000_1500_step17.npy
gm
[[  1.00000000e+00   6.13123584e-01   4.09821714e-24 ...,   1.77638465e-01
    7.92396590e-06   9.98935542e-01]
 [  6.13123584e-01   1.00000000e+00   2.80599690e-14 ...,   4.72380644e-01
    5.54986751e-01   3.01075856e-01]
 [  4.09821714e-24   2.80599690e-14   1.00000000e+00 ...,   3.23816994e-02
    1.59199861e-04   1.25658276e-02]
 ..., 
 [  1.77638465e-01   4.72380644e-01   3.23816994e-02 ...,   1.00000000e+00
    1.08290871e-01   4.17645507e-01]
 [  7.92396590e-06   5.54986751e-01   1.59199861e-04 ...,   1.08290871e-01
    1.00000000e+00   2.99023602e-03]
 [  9.98935542e-01   3.01075856e-01   1.25658276e-02 ...,   4.17645507e-01
    2.99023602e-03   1.00000000e+00]]
epoch:  17  errors:  5.64710414083
sigmas:
[[ 1044.7037784    910.19573362   182.88221468 ...,   864.2622776
    376.89067432  1072.89713222]
 [  910.19573362   297.54853354   208.219514   ...,   945.62117428
   1341.4197346    565.0839299 ]
 [  182.88221468   208.219514    1201.91517618 ...,   716.81078044
    522.45477964   636.21134318]
 ..., 
 [  864.2622776    945.62117428   716.81078044 ...,   628.93760376
    730.53873965  1199.145156  ]
 [  376.89067432  1341.4197346    522.45477964 ...,   730.53873965
   1183.76540287   531.74495292]
 [ 1072.89713222   565.0839299    636.21134318 ...,  1199.145156
    531.74495292  1388.77422446]]
saving sigmas to:  ./sigmas/modelReal_singleUpdateII_Alpha1000_1500/modelReal_singleUpdateII_Alpha1000_1500_step18.npy
gm
[[  1.00000000e+00   6.13123584e-01   4.09821714e-24 ...,   1.77638465e-01
    7.92396590e-06   9.98935542e-01]
 [  6.13123584e-01   1.00000000e+00   2.80599690e-14 ...,   4.72380646e-01
    5.54986753e-01   3.01075851e-01]
 [  4.09821714e-24   2.80599690e-14   1.00000000e+00 ...,   3.23816994e-02
    1.59199861e-04   1.25658276e-02]
 ..., 
 [  1.77638465e-01   4.72380646e-01   3.23816994e-02 ...,   1.00000000e+00
    1.08290872e-01   4.17645508e-01]
 [  7.92396590e-06   5.54986753e-01   1.59199861e-04 ...,   1.08290872e-01
    1.00000000e+00   2.99023603e-03]
 [  9.98935542e-01   3.01075851e-01   1.25658276e-02 ...,   4.17645508e-01
    2.99023603e-03   1.00000000e+00]]
epoch:  18  errors:  5.64710420636
sigmas:
[[ 1044.7037784    910.19573275   182.88221468 ...,   864.26227718
    376.89067432  1072.89716837]
 [  910.19573275   297.54853354   208.219514   ...,   945.62117599
   1341.41974009   565.08392616]
 [  182.88221468   208.219514    1201.91517618 ...,   716.8107804
    522.45477964   636.21134317]
 ..., 
 [  864.26227718   945.62117599   716.8107804  ...,   628.93760376
    730.53874032  1199.14515688]
 [  376.89067432  1341.41974009   522.45477964 ...,   730.53874032
   1183.76540287   531.74495307]
 [ 1072.89716837   565.08392616   636.21134317 ...,  1199.14515688
    531.74495307  1388.77422446]]
saving sigmas to:  ./sigmas/modelReal_singleUpdateII_Alpha1000_1500/modelReal_singleUpdateII_Alpha1000_1500_step19.npy
gm
[[  1.00000000e+00   6.13123583e-01   4.09821714e-24 ...,   1.77638465e-01
    7.92396590e-06   9.98935542e-01]
 [  6.13123583e-01   1.00000000e+00   2.80599690e-14 ...,   4.72380647e-01
    5.54986756e-01   3.01075846e-01]
 [  4.09821714e-24   2.80599690e-14   1.00000000e+00 ...,   3.23816994e-02
    1.59199861e-04   1.25658276e-02]
 ..., 
 [  1.77638465e-01   4.72380647e-01   3.23816994e-02 ...,   1.00000000e+00
    1.08290872e-01   4.17645509e-01]
 [  7.92396590e-06   5.54986756e-01   1.59199861e-04 ...,   1.08290872e-01
    1.00000000e+00   2.99023604e-03]
 [  9.98935542e-01   3.01075846e-01   1.25658276e-02 ...,   4.17645509e-01
    2.99023604e-03   1.00000000e+00]]
epoch:  19  errors:  5.6471042719
sigmas:
[[ 1044.7037784    910.19573189   182.88221468 ...,   864.26227676
    376.89067432  1072.89720453]
 [  910.19573189   297.54853354   208.219514   ...,   945.6211777
   1341.41974557   565.08392242]
 [  182.88221468   208.219514    1201.91517618 ...,   716.81078035
    522.45477964   636.21134315]
 ..., 
 [  864.26227676   945.6211777    716.81078035 ...,   628.93760376
    730.53874098  1199.14515776]
 [  376.89067432  1341.41974557   522.45477964 ...,   730.53874098
   1183.76540287   531.74495323]
 [ 1072.89720453   565.08392242   636.21134315 ...,  1199.14515776
    531.74495323  1388.77422446]]
saving sigmas to:  ./sigmas/modelReal_singleUpdateII_Alpha1000_1500/modelReal_singleUpdateII_Alpha1000_1500_step20.npy
gm
[[  1.00000000e+00   6.13123583e-01   4.09821714e-24 ...,   1.77638464e-01
    7.92396590e-06   9.98935542e-01]
 [  6.13123583e-01   1.00000000e+00   2.80599690e-14 ...,   4.72380648e-01
    5.54986759e-01   3.01075841e-01]
 [  4.09821714e-24   2.80599690e-14   1.00000000e+00 ...,   3.23816994e-02
    1.59199861e-04   1.25658276e-02]
 ..., 
 [  1.77638464e-01   4.72380648e-01   3.23816994e-02 ...,   1.00000000e+00
    1.08290873e-01   4.17645509e-01]
 [  7.92396590e-06   5.54986759e-01   1.59199861e-04 ...,   1.08290873e-01
    1.00000000e+00   2.99023605e-03]
 [  9.98935542e-01   3.01075841e-01   1.25658276e-02 ...,   4.17645509e-01
    2.99023605e-03   1.00000000e+00]]
epoch:  20  errors:  5.64710433743
sigmas:
[[ 1044.7037784    910.19573102   182.88221468 ...,   864.26227634
    376.89067432  1072.89724068]
 [  910.19573102   297.54853354   208.219514   ...,   945.62117941
   1341.41975106   565.08391868]
 [  182.88221468   208.219514    1201.91517618 ...,   716.81078031
    522.45477964   636.21134314]
 ..., 
 [  864.26227634   945.62117941   716.81078031 ...,   628.93760376
    730.53874164  1199.14515863]
 [  376.89067432  1341.41975106   522.45477964 ...,   730.53874164
   1183.76540287   531.74495338]
 [ 1072.89724068   565.08391868   636.21134314 ...,  1199.14515863
    531.74495338  1388.77422446]]
saving sigmas to:  ./sigmas/modelReal_singleUpdateII_Alpha1000_1500/modelReal_singleUpdateII_Alpha1000_1500_step21.npy
gm
[[  1.00000000e+00   6.13123582e-01   4.09821714e-24 ...,   1.77638464e-01
    7.92396590e-06   9.98935542e-01]
 [  6.13123582e-01   1.00000000e+00   2.80599690e-14 ...,   4.72380650e-01
    5.54986761e-01   3.01075836e-01]
 [  4.09821714e-24   2.80599690e-14   1.00000000e+00 ...,   3.23816994e-02
    1.59199861e-04   1.25658276e-02]
 ..., 
 [  1.77638464e-01   4.72380650e-01   3.23816994e-02 ...,   1.00000000e+00
    1.08290873e-01   4.17645510e-01]
 [  7.92396590e-06   5.54986761e-01   1.59199861e-04 ...,   1.08290873e-01
    1.00000000e+00   2.99023606e-03]
 [  9.98935542e-01   3.01075836e-01   1.25658276e-02 ...,   4.17645510e-01
    2.99023606e-03   1.00000000e+00]]
epoch:  21  errors:  5.64710440297
sigmas:
[[ 1044.7037784    910.19573015   182.88221468 ...,   864.26227592
    376.89067432  1072.89727684]
 [  910.19573015   297.54853354   208.219514   ...,   945.62118112
   1341.41975655   565.08391494]
 [  182.88221468   208.219514    1201.91517618 ...,   716.81078027
    522.45477964   636.21134313]
 ..., 
 [  864.26227592   945.62118112   716.81078027 ...,   628.93760376
    730.5387423   1199.14515951]
 [  376.89067432  1341.41975655   522.45477964 ...,   730.5387423
   1183.76540287   531.74495353]
 [ 1072.89727684   565.08391494   636.21134313 ...,  1199.14515951
    531.74495353  1388.77422446]]
saving sigmas to:  ./sigmas/modelReal_singleUpdateII_Alpha1000_1500/modelReal_singleUpdateII_Alpha1000_1500_step22.npy
gm
[[  1.00000000e+00   6.13123581e-01   4.09821714e-24 ...,   1.77638464e-01
    7.92396590e-06   9.98935543e-01]
 [  6.13123581e-01   1.00000000e+00   2.80599690e-14 ...,   4.72380651e-01
    5.54986764e-01   3.01075832e-01]
 [  4.09821714e-24   2.80599690e-14   1.00000000e+00 ...,   3.23816994e-02
    1.59199861e-04   1.25658276e-02]
 ..., 
 [  1.77638464e-01   4.72380651e-01   3.23816994e-02 ...,   1.00000000e+00
    1.08290874e-01   4.17645510e-01]
 [  7.92396590e-06   5.54986764e-01   1.59199861e-04 ...,   1.08290874e-01
    1.00000000e+00   2.99023607e-03]
 [  9.98935543e-01   3.01075832e-01   1.25658276e-02 ...,   4.17645510e-01
    2.99023607e-03   1.00000000e+00]]
epoch:  22  errors:  5.6471044685
sigmas:
[[ 1044.7037784    910.19572928   182.88221468 ...,   864.2622755
    376.89067432  1072.89731299]
 [  910.19572928   297.54853354   208.219514   ...,   945.62118284
   1341.41976203   565.0839112 ]
 [  182.88221468   208.219514    1201.91517618 ...,   716.81078022
    522.45477964   636.21134312]
 ..., 
 [  864.2622755    945.62118284   716.81078022 ...,   628.93760376
    730.53874296  1199.14516039]
 [  376.89067432  1341.41976203   522.45477964 ...,   730.53874296
   1183.76540287   531.74495368]
 [ 1072.89731299   565.0839112    636.21134312 ...,  1199.14516039
    531.74495368  1388.77422446]]
saving sigmas to:  ./sigmas/modelReal_singleUpdateII_Alpha1000_1500/modelReal_singleUpdateII_Alpha1000_1500_step23.npy
gm
[[  1.00000000e+00   6.13123581e-01   4.09821714e-24 ...,   1.77638463e-01
    7.92396590e-06   9.98935543e-01]
 [  6.13123581e-01   1.00000000e+00   2.80599690e-14 ...,   4.72380652e-01
    5.54986767e-01   3.01075827e-01]
 [  4.09821714e-24   2.80599690e-14   1.00000000e+00 ...,   3.23816994e-02
    1.59199861e-04   1.25658276e-02]
 ..., 
 [  1.77638463e-01   4.72380652e-01   3.23816994e-02 ...,   1.00000000e+00
    1.08290874e-01   4.17645511e-01]
 [  7.92396590e-06   5.54986767e-01   1.59199861e-04 ...,   1.08290874e-01
    1.00000000e+00   2.99023608e-03]
 [  9.98935543e-01   3.01075827e-01   1.25658276e-02 ...,   4.17645511e-01
    2.99023608e-03   1.00000000e+00]]
epoch:  23  errors:  5.64710453404
sigmas:
[[ 1044.7037784    910.19572841   182.88221468 ...,   864.26227508
    376.89067432  1072.89734914]
 [  910.19572841   297.54853354   208.219514   ...,   945.62118455
   1341.41976752   565.08390745]
 [  182.88221468   208.219514    1201.91517618 ...,   716.81078018
    522.45477964   636.21134311]
 ..., 
 [  864.26227508   945.62118455   716.81078018 ...,   628.93760376
    730.53874362  1199.14516127]
 [  376.89067432  1341.41976752   522.45477964 ...,   730.53874362
   1183.76540287   531.74495383]
 [ 1072.89734914   565.08390745   636.21134311 ...,  1199.14516127
    531.74495383  1388.77422446]]
saving sigmas to:  ./sigmas/modelReal_singleUpdateII_Alpha1000_1500/modelReal_singleUpdateII_Alpha1000_1500_step24.npy
gm
[[  1.00000000e+00   6.13123580e-01   4.09821714e-24 ...,   1.77638463e-01
    7.92396590e-06   9.98935543e-01]
 [  6.13123580e-01   1.00000000e+00   2.80599690e-14 ...,   4.72380653e-01
    5.54986769e-01   3.01075822e-01]
 [  4.09821714e-24   2.80599690e-14   1.00000000e+00 ...,   3.23816993e-02
    1.59199861e-04   1.25658276e-02]
 ..., 
 [  1.77638463e-01   4.72380653e-01   3.23816993e-02 ...,   1.00000000e+00
    1.08290875e-01   4.17645511e-01]
 [  7.92396590e-06   5.54986769e-01   1.59199861e-04 ...,   1.08290875e-01
    1.00000000e+00   2.99023609e-03]
 [  9.98935543e-01   3.01075822e-01   1.25658276e-02 ...,   4.17645511e-01
    2.99023609e-03   1.00000000e+00]]
epoch:  24  errors:  5.64710459957
sigmas:
[[ 1044.7037784    910.19572754   182.88221468 ...,   864.26227466
    376.89067432  1072.8973853 ]
 [  910.19572754   297.54853354   208.219514   ...,   945.62118626
   1341.419773     565.08390371]
 [  182.88221468   208.219514    1201.91517618 ...,   716.81078014
    522.45477964   636.21134309]
 ..., 
 [  864.26227466   945.62118626   716.81078014 ...,   628.93760376
    730.53874428  1199.14516214]
 [  376.89067432  1341.419773     522.45477964 ...,   730.53874428
   1183.76540287   531.74495398]
 [ 1072.8973853    565.08390371   636.21134309 ...,  1199.14516214
    531.74495398  1388.77422446]]
saving sigmas to:  ./sigmas/modelReal_singleUpdateII_Alpha1000_1500/modelReal_singleUpdateII_Alpha1000_1500_step25.npy
gm
[[  1.00000000e+00   6.13123580e-01   4.09821714e-24 ...,   1.77638463e-01
    7.92396590e-06   9.98935543e-01]
 [  6.13123580e-01   1.00000000e+00   2.80599690e-14 ...,   4.72380655e-01
    5.54986772e-01   3.01075817e-01]
 [  4.09821714e-24   2.80599690e-14   1.00000000e+00 ...,   3.23816993e-02
    1.59199861e-04   1.25658276e-02]
 ..., 
