Loading cqt and beats... 
Perform sync
Perform loadInterval2Frame
[[array([], dtype=float64), 'Silence'], [array([ 0, 18]), 'I'], [array([18, 50]), 'V'], [array([50, 81]), 'V'], [array([ 81, 113]), 'C'], [array([113, 130]), 'T'], [array([130, 161]), 'V'], [array([161, 193]), 'C'], [array([193, 242]), "T'"], [array([242, 274]), 'C'], [array([274, 321]), 'O'], [array([], dtype=float64), 'Silence']]
[[array([ 0, 18]), 'I'], [array([18, 50]), 'V'], [array([50, 81]), 'V'], [array([ 81, 113]), 'C'], [array([113, 130]), 'T'], [array([130, 161]), 'V'], [array([161, 193]), 'C'], [array([193, 242]), "T'"], [array([242, 274]), 'C'], [array([274, 321]), 'O']]
sigmas
[[ 522.3518892   455.09787507   91.44110734 ...,  432.13114279
   188.44533716  536.44822265]
 [ 455.09787507  148.77426677  104.109757   ...,  472.81057088
   670.70981519  282.54200049]
 [  91.44110734  104.109757    600.95758809 ...,  358.40539063
   261.22738982  318.1056717 ]
 ..., 
 [ 432.13114279  472.81057088  358.40539063 ...,  314.46880188
   365.26936354  599.57256966]
 [ 188.44533716  670.70981519  261.22738982 ...,  365.26936354
   591.88270143  265.87247502]
 [ 536.44822265  282.54200049  318.1056717  ...,  599.57256966
   265.87247502  694.38711223]]
gm.shape:  (322, 322)
[[  1.00000000e+00   1.41316254e-01   2.82084913e-94 ...,   9.95744925e-04
    3.94248812e-21   9.95748957e-01]
 [  1.41316254e-01   1.00000000e+00   6.19938695e-55 ...,   4.97929999e-02
    9.48703079e-02   8.21682833e-03]
 [  2.82084913e-94   6.19938695e-55   1.00000000e+00 ...,   1.09950843e-06
    6.42348529e-16   2.49324176e-08]
 ..., 
 [  9.95744925e-04   4.97929999e-02   1.09950843e-06 ...,   1.00000000e+00
    1.37520445e-04   3.04250441e-02]
 [  3.94248812e-21   9.48703079e-02   6.42348529e-16 ...,   1.37520445e-04
    1.00000000e+00   7.99506084e-11]
 [  9.95748957e-01   8.21682833e-03   2.49324176e-08 ...,   3.04250441e-02
    7.99506084e-11   1.00000000e+00]]
L_true
[[ 1.         -0.05555556 -0.05555556 ..., -0.         -0.         -0.        ]
 [-0.05555556  1.         -0.05555556 ..., -0.         -0.         -0.        ]
 [-0.05555556 -0.05555556  1.         ..., -0.         -0.         -0.        ]
 ..., 
 [-0.         -0.         -0.         ...,  1.         -0.0212766
  -0.0212766 ]
 [-0.         -0.         -0.         ..., -0.0212766   1.         -0.0212766 ]
 [-0.         -0.         -0.         ..., -0.0212766  -0.0212766   1.        ]]
gm.shape, m_true.shape:  (322, 322) (322, 322)
gm is symmetric:  True
m_true is symmetric:  True
errors:  34.4066693701
sigmas:
[[ 522.3518892   455.09783525   91.44110734 ...,  432.13114276
   188.44533716  536.45046129]
 [ 455.09783525  148.77426677  104.109757   ...,  472.81053714
   670.70989262  282.54199804]
 [  91.44110734  104.109757    600.95758809 ...,  358.40539063
   261.22738982  318.1056717 ]
 ..., 
 [ 432.13114276  472.81053714  358.40539063 ...,  314.46880188
   365.26936388  599.57256883]
 [ 188.44533716  670.70989262  261.22738982 ...,  365.26936388
   591.88270143  265.87247502]
 [ 536.45046129  282.54199804  318.1056717  ...,  599.57256883
   265.87247502  694.38711223]]
saving sigmas to:  ./sigmas/modelReal_singleUpdateII_Alpha1000_750/modelReal_singleUpdateII_Alpha1000_750_step0.npy
gm
[[  1.00000000e+00   1.41316206e-01   2.82084913e-94 ...,   9.95744924e-04
    3.94248812e-21   9.95748992e-01]
 [  1.41316206e-01   1.00000000e+00   6.19938695e-55 ...,   4.97929786e-02
    9.48703595e-02   8.21682765e-03]
 [  2.82084913e-94   6.19938695e-55   1.00000000e+00 ...,   1.09950843e-06
    6.42348529e-16   2.49324176e-08]
 ..., 
 [  9.95744924e-04   4.97929786e-02   1.09950843e-06 ...,   1.00000000e+00
    1.37520447e-04   3.04250438e-02]
 [  3.94248812e-21   9.48703595e-02   6.42348529e-16 ...,   1.37520447e-04
    1.00000000e+00   7.99506084e-11]
 [  9.95748992e-01   8.21682765e-03   2.49324176e-08 ...,   3.04250438e-02
    7.99506084e-11   1.00000000e+00]]
epoch:  0  errors:  34.4067135811
sigmas:
[[ 522.3518892   455.09779544   91.44110734 ...,  432.13114272
   188.44533716  536.45269993]
 [ 455.09779544  148.77426677  104.109757   ...,  472.81050341
   670.70997005  282.5419956 ]
 [  91.44110734  104.109757    600.95758809 ...,  358.40539063
   261.22738982  318.1056717 ]
 ..., 
 [ 432.13114272  472.81050341  358.40539063 ...,  314.46880188
   365.26936421  599.572568  ]
 [ 188.44533716  670.70997005  261.22738982 ...,  365.26936421
   591.88270143  265.87247502]
 [ 536.45269993  282.5419956   318.1056717  ...,  599.572568    265.87247502
   694.38711223]]
saving sigmas to:  ./sigmas/modelReal_singleUpdateII_Alpha1000_750/modelReal_singleUpdateII_Alpha1000_750_step1.npy
gm
[[  1.00000000e+00   1.41316157e-01   2.82084913e-94 ...,   9.95744923e-04
    3.94248812e-21   9.95749028e-01]
 [  1.41316157e-01   1.00000000e+00   6.19938695e-55 ...,   4.97929573e-02
    9.48704110e-02   8.21682697e-03]
 [  2.82084913e-94   6.19938695e-55   1.00000000e+00 ...,   1.09950843e-06
    6.42348529e-16   2.49324176e-08]
 ..., 
 [  9.95744923e-04   4.97929573e-02   1.09950843e-06 ...,   1.00000000e+00
    1.37520450e-04   3.04250435e-02]
 [  3.94248812e-21   9.48704110e-02   6.42348529e-16 ...,   1.37520450e-04
    1.00000000e+00   7.99506084e-11]
 [  9.95749028e-01   8.21682697e-03   2.49324176e-08 ...,   3.04250435e-02
    7.99506084e-11   1.00000000e+00]]
epoch:  1  errors:  34.4067577936
sigmas:
[[ 522.3518892   455.09775562   91.44110734 ...,  432.13114268
   188.44533716  536.45493857]
 [ 455.09775562  148.77426677  104.109757   ...,  472.81046968
   670.71004747  282.54199315]
 [  91.44110734  104.109757    600.95758809 ...,  358.40539063
   261.22738982  318.1056717 ]
 ..., 
 [ 432.13114268  472.81046968  358.40539063 ...,  314.46880188
   365.26936454  599.57256717]
 [ 188.44533716  670.71004747  261.22738982 ...,  365.26936454
   591.88270143  265.87247502]
 [ 536.45493857  282.54199315  318.1056717  ...,  599.57256717
   265.87247502  694.38711223]]
saving sigmas to:  ./sigmas/modelReal_singleUpdateII_Alpha1000_750/modelReal_singleUpdateII_Alpha1000_750_step2.npy
gm
[[  1.00000000e+00   1.41316109e-01   2.82084913e-94 ...,   9.95744922e-04
    3.94248812e-21   9.95749063e-01]
 [  1.41316109e-01   1.00000000e+00   6.19938695e-55 ...,   4.97929360e-02
    9.48704626e-02   8.21682628e-03]
 [  2.82084913e-94   6.19938695e-55   1.00000000e+00 ...,   1.09950843e-06
    6.42348529e-16   2.49324176e-08]
 ..., 
 [  9.95744922e-04   4.97929360e-02   1.09950843e-06 ...,   1.00000000e+00
    1.37520452e-04   3.04250432e-02]
 [  3.94248812e-21   9.48704626e-02   6.42348529e-16 ...,   1.37520452e-04
    1.00000000e+00   7.99506084e-11]
 [  9.95749063e-01   8.21682628e-03   2.49324176e-08 ...,   3.04250432e-02
    7.99506084e-11   1.00000000e+00]]
epoch:  2  errors:  34.4068020076
sigmas:
[[ 522.3518892   455.09771581   91.44110734 ...,  432.13114265
   188.44533716  536.45717721]
 [ 455.09771581  148.77426677  104.109757   ...,  472.81043594  670.7101249
   282.5419907 ]
 [  91.44110734  104.109757    600.95758809 ...,  358.40539063
   261.22738982  318.1056717 ]
 ..., 
 [ 432.13114265  472.81043594  358.40539063 ...,  314.46880188
   365.26936488  599.57256634]
 [ 188.44533716  670.7101249   261.22738982 ...,  365.26936488
   591.88270143  265.87247502]
 [ 536.45717721  282.5419907   318.1056717  ...,  599.57256634
   265.87247502  694.38711223]]
saving sigmas to:  ./sigmas/modelReal_singleUpdateII_Alpha1000_750/modelReal_singleUpdateII_Alpha1000_750_step3.npy
gm
[[  1.00000000e+00   1.41316061e-01   2.82084913e-94 ...,   9.95744920e-04
    3.94248812e-21   9.95749099e-01]
 [  1.41316061e-01   1.00000000e+00   6.19938695e-55 ...,   4.97929147e-02
    9.48705142e-02   8.21682560e-03]
 [  2.82084913e-94   6.19938695e-55   1.00000000e+00 ...,   1.09950843e-06
    6.42348529e-16   2.49324176e-08]
 ..., 
 [  9.95744920e-04   4.97929147e-02   1.09950843e-06 ...,   1.00000000e+00
    1.37520454e-04   3.04250429e-02]
 [  3.94248812e-21   9.48705142e-02   6.42348529e-16 ...,   1.37520454e-04
    1.00000000e+00   7.99506084e-11]
 [  9.95749099e-01   8.21682560e-03   2.49324176e-08 ...,   3.04250429e-02
    7.99506084e-11   1.00000000e+00]]
epoch:  3  errors:  34.406846223
sigmas:
[[ 522.3518892   455.09767599   91.44110734 ...,  432.13114261
   188.44533716  536.45941586]
 [ 455.09767599  148.77426677  104.109757   ...,  472.81040221
   670.71020233  282.54198826]
 [  91.44110734  104.109757    600.95758809 ...,  358.40539063
   261.22738982  318.1056717 ]
 ..., 
 [ 432.13114261  472.81040221  358.40539063 ...,  314.46880188
   365.26936521  599.57256551]
 [ 188.44533716  670.71020233  261.22738982 ...,  365.26936521
   591.88270143  265.87247502]
 [ 536.45941586  282.54198826  318.1056717  ...,  599.57256551
   265.87247502  694.38711223]]
saving sigmas to:  ./sigmas/modelReal_singleUpdateII_Alpha1000_750/modelReal_singleUpdateII_Alpha1000_750_step4.npy
gm
[[  1.00000000e+00   1.41316012e-01   2.82084913e-94 ...,   9.95744919e-04
    3.94248812e-21   9.95749134e-01]
 [  1.41316012e-01   1.00000000e+00   6.19938695e-55 ...,   4.97928933e-02
    9.48705658e-02   8.21682492e-03]
 [  2.82084913e-94   6.19938695e-55   1.00000000e+00 ...,   1.09950843e-06
    6.42348529e-16   2.49324176e-08]
 ..., 
 [  9.95744919e-04   4.97928933e-02   1.09950843e-06 ...,   1.00000000e+00
    1.37520456e-04   3.04250426e-02]
 [  3.94248812e-21   9.48705658e-02   6.42348529e-16 ...,   1.37520456e-04
    1.00000000e+00   7.99506084e-11]
 [  9.95749134e-01   8.21682492e-03   2.49324176e-08 ...,   3.04250426e-02
    7.99506084e-11   1.00000000e+00]]
epoch:  4  errors:  34.4068904398
sigmas:
[[ 522.3518892   455.09763617   91.44110734 ...,  432.13114257
   188.44533716  536.4616545 ]
 [ 455.09763617  148.77426677  104.109757   ...,  472.81036848
   670.71027976  282.54198581]
 [  91.44110734  104.109757    600.95758809 ...,  358.40539063
   261.22738982  318.1056717 ]
 ..., 
 [ 432.13114257  472.81036848  358.40539063 ...,  314.46880188
   365.26936554  599.57256468]
 [ 188.44533716  670.71027976  261.22738982 ...,  365.26936554
   591.88270143  265.87247502]
 [ 536.4616545   282.54198581  318.1056717  ...,  599.57256468
   265.87247502  694.38711223]]
saving sigmas to:  ./sigmas/modelReal_singleUpdateII_Alpha1000_750/modelReal_singleUpdateII_Alpha1000_750_step5.npy
gm
[[  1.00000000e+00   1.41315964e-01   2.82084913e-94 ...,   9.95744918e-04
    3.94248812e-21   9.95749169e-01]
 [  1.41315964e-01   1.00000000e+00   6.19938695e-55 ...,   4.97928720e-02
    9.48706174e-02   8.21682423e-03]
 [  2.82084913e-94   6.19938695e-55   1.00000000e+00 ...,   1.09950843e-06
    6.42348529e-16   2.49324176e-08]
 ..., 
 [  9.95744918e-04   4.97928720e-02   1.09950843e-06 ...,   1.00000000e+00
    1.37520458e-04   3.04250424e-02]
 [  3.94248812e-21   9.48706174e-02   6.42348529e-16 ...,   1.37520458e-04
    1.00000000e+00   7.99506084e-11]
 [  9.95749169e-01   8.21682423e-03   2.49324176e-08 ...,   3.04250424e-02
    7.99506084e-11   1.00000000e+00]]
epoch:  5  errors:  34.4069346581
sigmas:
[[ 522.3518892   455.09759636   91.44110734 ...,  432.13114253
   188.44533716  536.46389315]
 [ 455.09759636  148.77426677  104.109757   ...,  472.81033474
   670.71035719  282.54198336]
 [  91.44110734  104.109757    600.95758809 ...,  358.40539063
   261.22738982  318.1056717 ]
 ..., 
 [ 432.13114253  472.81033474  358.40539063 ...,  314.46880188
   365.26936588  599.57256384]
 [ 188.44533716  670.71035719  261.22738982 ...,  365.26936588
   591.88270143  265.87247502]
 [ 536.46389315  282.54198336  318.1056717  ...,  599.57256384
   265.87247502  694.38711223]]
saving sigmas to:  ./sigmas/modelReal_singleUpdateII_Alpha1000_750/modelReal_singleUpdateII_Alpha1000_750_step6.npy
gm
[[  1.00000000e+00   1.41315915e-01   2.82084913e-94 ...,   9.95744917e-04
    3.94248812e-21   9.95749205e-01]
 [  1.41315915e-01   1.00000000e+00   6.19938695e-55 ...,   4.97928507e-02
    9.48706690e-02   8.21682355e-03]
 [  2.82084913e-94   6.19938695e-55   1.00000000e+00 ...,   1.09950843e-06
    6.42348529e-16   2.49324176e-08]
 ..., 
 [  9.95744917e-04   4.97928507e-02   1.09950843e-06 ...,   1.00000000e+00
    1.37520461e-04   3.04250421e-02]
 [  3.94248812e-21   9.48706690e-02   6.42348529e-16 ...,   1.37520461e-04
    1.00000000e+00   7.99506084e-11]
 [  9.95749205e-01   8.21682355e-03   2.49324176e-08 ...,   3.04250421e-02
    7.99506084e-11   1.00000000e+00]]
epoch:  6  errors:  34.4069788779
sigmas:
[[ 522.3518892   455.09755654   91.44110734 ...,  432.1311425   188.44533716
   536.46613179]
 [ 455.09755654  148.77426677  104.109757   ...,  472.81030101
   670.71043462  282.54198092]
 [  91.44110734  104.109757    600.95758809 ...,  358.40539063
   261.22738982  318.1056717 ]
 ..., 
 [ 432.1311425   472.81030101  358.40539063 ...,  314.46880188
   365.26936621  599.57256301]
 [ 188.44533716  670.71043462  261.22738982 ...,  365.26936621
   591.88270143  265.87247502]
 [ 536.46613179  282.54198092  318.1056717  ...,  599.57256301
   265.87247502  694.38711223]]
saving sigmas to:  ./sigmas/modelReal_singleUpdateII_Alpha1000_750/modelReal_singleUpdateII_Alpha1000_750_step7.npy
gm
[[  1.00000000e+00   1.41315867e-01   2.82084913e-94 ...,   9.95744916e-04
    3.94248812e-21   9.95749240e-01]
 [  1.41315867e-01   1.00000000e+00   6.19938695e-55 ...,   4.97928294e-02
    9.48707206e-02   8.21682287e-03]
 [  2.82084913e-94   6.19938695e-55   1.00000000e+00 ...,   1.09950843e-06
    6.42348529e-16   2.49324176e-08]
 ..., 
 [  9.95744916e-04   4.97928294e-02   1.09950843e-06 ...,   1.00000000e+00
    1.37520463e-04   3.04250418e-02]
 [  3.94248812e-21   9.48707206e-02   6.42348529e-16 ...,   1.37520463e-04
    1.00000000e+00   7.99506084e-11]
 [  9.95749240e-01   8.21682287e-03   2.49324176e-08 ...,   3.04250418e-02
    7.99506084e-11   1.00000000e+00]]
epoch:  7  errors:  34.4070230991
sigmas:
[[ 522.3518892   455.09751673   91.44110734 ...,  432.13114246
   188.44533716  536.46837044]
 [ 455.09751673  148.77426677  104.109757   ...,  472.81026728
   670.71051205  282.54197847]
 [  91.44110734  104.109757    600.95758809 ...,  358.40539063
   261.22738982  318.1056717 ]
 ..., 
 [ 432.13114246  472.81026728  358.40539063 ...,  314.46880188
   365.26936654  599.57256218]
 [ 188.44533716  670.71051205  261.22738982 ...,  365.26936654
   591.88270143  265.87247502]
 [ 536.46837044  282.54197847  318.1056717  ...,  599.57256218
   265.87247502  694.38711223]]
saving sigmas to:  ./sigmas/modelReal_singleUpdateII_Alpha1000_750/modelReal_singleUpdateII_Alpha1000_750_step8.npy
gm
[[  1.00000000e+00   1.41315819e-01   2.82084913e-94 ...,   9.95744914e-04
    3.94248812e-21   9.95749276e-01]
 [  1.41315819e-01   1.00000000e+00   6.19938695e-55 ...,   4.97928081e-02
    9.48707722e-02   8.21682218e-03]
 [  2.82084913e-94   6.19938695e-55   1.00000000e+00 ...,   1.09950843e-06
    6.42348529e-16   2.49324176e-08]
 ..., 
 [  9.95744914e-04   4.97928081e-02   1.09950843e-06 ...,   1.00000000e+00
    1.37520465e-04   3.04250415e-02]
 [  3.94248812e-21   9.48707722e-02   6.42348529e-16 ...,   1.37520465e-04
    1.00000000e+00   7.99506084e-11]
 [  9.95749276e-01   8.21682218e-03   2.49324176e-08 ...,   3.04250415e-02
    7.99506084e-11   1.00000000e+00]]
epoch:  8  errors:  34.4070673218
sigmas:
[[ 522.3518892   455.09747691   91.44110734 ...,  432.13114242
   188.44533716  536.47060909]
 [ 455.09747691  148.77426677  104.109757   ...,  472.81023355
   670.71058948  282.54197602]
 [  91.44110734  104.109757    600.95758809 ...,  358.40539063
   261.22738982  318.1056717 ]
 ..., 
 [ 432.13114242  472.81023355  358.40539063 ...,  314.46880188
   365.26936688  599.57256135]
 [ 188.44533716  670.71058948  261.22738982 ...,  365.26936688
   591.88270143  265.87247502]
 [ 536.47060909  282.54197602  318.1056717  ...,  599.57256135
   265.87247502  694.38711223]]
saving sigmas to:  ./sigmas/modelReal_singleUpdateII_Alpha1000_750/modelReal_singleUpdateII_Alpha1000_750_step9.npy
gm
[[  1.00000000e+00   1.41315770e-01   2.82084913e-94 ...,   9.95744913e-04
    3.94248812e-21   9.95749311e-01]
 [  1.41315770e-01   1.00000000e+00   6.19938695e-55 ...,   4.97927868e-02
    9.48708238e-02   8.21682150e-03]
 [  2.82084913e-94   6.19938695e-55   1.00000000e+00 ...,   1.09950843e-06
    6.42348529e-16   2.49324176e-08]
 ..., 
 [  9.95744913e-04   4.97927868e-02   1.09950843e-06 ...,   1.00000000e+00
    1.37520467e-04   3.04250412e-02]
 [  3.94248812e-21   9.48708238e-02   6.42348529e-16 ...,   1.37520467e-04
    1.00000000e+00   7.99506084e-11]
 [  9.95749311e-01   8.21682150e-03   2.49324176e-08 ...,   3.04250412e-02
    7.99506084e-11   1.00000000e+00]]
epoch:  9  errors:  34.407111546
sigmas:
[[ 522.3518892   455.0974371    91.44110734 ...,  432.13114239
   188.44533716  536.47284774]
 [ 455.0974371   148.77426677  104.109757   ...,  472.81019981
   670.71066691  282.54197358]
 [  91.44110734  104.109757    600.95758809 ...,  358.40539063
   261.22738982  318.1056717 ]
 ..., 
 [ 432.13114239  472.81019981  358.40539063 ...,  314.46880188
   365.26936721  599.57256052]
 [ 188.44533716  670.71066691  261.22738982 ...,  365.26936721
   591.88270143  265.87247502]
 [ 536.47284774  282.54197358  318.1056717  ...,  599.57256052
   265.87247502  694.38711223]]
saving sigmas to:  ./sigmas/modelReal_singleUpdateII_Alpha1000_750/modelReal_singleUpdateII_Alpha1000_750_step10.npy
gm
[[  1.00000000e+00   1.41315722e-01   2.82084913e-94 ...,   9.95744912e-04
    3.94248812e-21   9.95749347e-01]
 [  1.41315722e-01   1.00000000e+00   6.19938695e-55 ...,   4.97927655e-02
    9.48708754e-02   8.21682082e-03]
 [  2.82084913e-94   6.19938695e-55   1.00000000e+00 ...,   1.09950843e-06
    6.42348529e-16   2.49324176e-08]
 ..., 
 [  9.95744912e-04   4.97927655e-02   1.09950843e-06 ...,   1.00000000e+00
    1.37520470e-04   3.04250409e-02]
 [  3.94248812e-21   9.48708754e-02   6.42348529e-16 ...,   1.37520470e-04
    1.00000000e+00   7.99506084e-11]
 [  9.95749347e-01   8.21682082e-03   2.49324176e-08 ...,   3.04250409e-02
    7.99506084e-11   1.00000000e+00]]
epoch:  10  errors:  34.4071557716
sigmas:
[[ 522.3518892   455.09739728   91.44110734 ...,  432.13114235
   188.44533716  536.47508639]
 [ 455.09739728  148.77426677  104.109757   ...,  472.81016608
   670.71074434  282.54197113]
 [  91.44110734  104.109757    600.95758809 ...,  358.40539063
   261.22738982  318.1056717 ]
 ..., 
 [ 432.13114235  472.81016608  358.40539063 ...,  314.46880188
   365.26936754  599.57255969]
 [ 188.44533716  670.71074434  261.22738982 ...,  365.26936754
   591.88270143  265.87247502]
 [ 536.47508639  282.54197113  318.1056717  ...,  599.57255969
   265.87247502  694.38711223]]
saving sigmas to:  ./sigmas/modelReal_singleUpdateII_Alpha1000_750/modelReal_singleUpdateII_Alpha1000_750_step11.npy
gm
[[  1.00000000e+00   1.41315674e-01   2.82084913e-94 ...,   9.95744911e-04
    3.94248812e-21   9.95749382e-01]
 [  1.41315674e-01   1.00000000e+00   6.19938695e-55 ...,   4.97927441e-02
    9.48709269e-02   8.21682013e-03]
 [  2.82084913e-94   6.19938695e-55   1.00000000e+00 ...,   1.09950843e-06
    6.42348529e-16   2.49324176e-08]
 ..., 
 [  9.95744911e-04   4.97927441e-02   1.09950843e-06 ...,   1.00000000e+00
    1.37520472e-04   3.04250406e-02]
 [  3.94248812e-21   9.48709269e-02   6.42348529e-16 ...,   1.37520472e-04
    1.00000000e+00   7.99506084e-11]
 [  9.95749382e-01   8.21682013e-03   2.49324176e-08 ...,   3.04250406e-02
    7.99506084e-11   1.00000000e+00]]
epoch:  11  errors:  34.4071999986
sigmas:
[[ 522.3518892   455.09735747   91.44110734 ...,  432.13114231
   188.44533716  536.47732505]
 [ 455.09735747  148.77426677  104.109757   ...,  472.81013235
   670.71082176  282.54196868]
 [  91.44110734  104.109757    600.95758809 ...,  358.40539063
   261.22738982  318.1056717 ]
 ..., 
 [ 432.13114231  472.81013235  358.40539063 ...,  314.46880188
   365.26936788  599.57255886]
 [ 188.44533716  670.71082176  261.22738982 ...,  365.26936788
   591.88270143  265.87247502]
 [ 536.47732505  282.54196868  318.1056717  ...,  599.57255886
   265.87247502  694.38711223]]
saving sigmas to:  ./sigmas/modelReal_singleUpdateII_Alpha1000_750/modelReal_singleUpdateII_Alpha1000_750_step12.npy
gm
[[  1.00000000e+00   1.41315625e-01   2.82084913e-94 ...,   9.95744910e-04
    3.94248812e-21   9.95749417e-01]
 [  1.41315625e-01   1.00000000e+00   6.19938695e-55 ...,   4.97927228e-02
    9.48709785e-02   8.21681945e-03]
 [  2.82084913e-94   6.19938695e-55   1.00000000e+00 ...,   1.09950843e-06
    6.42348529e-16   2.49324176e-08]
 ..., 
 [  9.95744910e-04   4.97927228e-02   1.09950843e-06 ...,   1.00000000e+00
    1.37520474e-04   3.04250403e-02]
 [  3.94248812e-21   9.48709785e-02   6.42348529e-16 ...,   1.37520474e-04
    1.00000000e+00   7.99506084e-11]
 [  9.95749417e-01   8.21681945e-03   2.49324176e-08 ...,   3.04250403e-02
    7.99506084e-11   1.00000000e+00]]
epoch:  12  errors:  34.4072442271
sigmas:
[[ 522.3518892   455.09731765   91.44110734 ...,  432.13114228
   188.44533716  536.4795637 ]
 [ 455.09731765  148.77426677  104.109757   ...,  472.81009861
   670.71089919  282.54196624]
 [  91.44110734  104.109757    600.95758809 ...,  358.40539063
   261.22738982  318.1056717 ]
 ..., 
 [ 432.13114228  472.81009861  358.40539063 ...,  314.46880188
   365.26936821  599.57255803]
 [ 188.44533716  670.71089919  261.22738982 ...,  365.26936821
   591.88270143  265.87247502]
 [ 536.4795637   282.54196624  318.1056717  ...,  599.57255803
   265.87247502  694.38711223]]
saving sigmas to:  ./sigmas/modelReal_singleUpdateII_Alpha1000_750/modelReal_singleUpdateII_Alpha1000_750_step13.npy
gm
[[  1.00000000e+00   1.41315577e-01   2.82084913e-94 ...,   9.95744909e-04
    3.94248812e-21   9.95749453e-01]
 [  1.41315577e-01   1.00000000e+00   6.19938695e-55 ...,   4.97927015e-02
    9.48710301e-02   8.21681877e-03]
 [  2.82084913e-94   6.19938695e-55   1.00000000e+00 ...,   1.09950843e-06
    6.42348529e-16   2.49324176e-08]
 ..., 
 [  9.95744909e-04   4.97927015e-02   1.09950843e-06 ...,   1.00000000e+00
    1.37520476e-04   3.04250400e-02]
 [  3.94248812e-21   9.48710301e-02   6.42348529e-16 ...,   1.37520476e-04
    1.00000000e+00   7.99506084e-11]
 [  9.95749453e-01   8.21681877e-03   2.49324176e-08 ...,   3.04250400e-02
    7.99506084e-11   1.00000000e+00]]
epoch:  13  errors:  34.4072884571
sigmas:
[[ 522.3518892   455.09727783   91.44110734 ...,  432.13114224
   188.44533716  536.48180236]
 [ 455.09727783  148.77426677  104.109757   ...,  472.81006488
   670.71097662  282.54196379]
 [  91.44110734  104.109757    600.95758809 ...,  358.40539063
   261.22738982  318.1056717 ]
 ..., 
 [ 432.13114224  472.81006488  358.40539063 ...,  314.46880188
   365.26936854  599.57255719]
 [ 188.44533716  670.71097662  261.22738982 ...,  365.26936854
   591.88270143  265.87247502]
 [ 536.48180236  282.54196379  318.1056717  ...,  599.57255719
   265.87247502  694.38711223]]
saving sigmas to:  ./sigmas/modelReal_singleUpdateII_Alpha1000_750/modelReal_singleUpdateII_Alpha1000_750_step14.npy
gm
[[  1.00000000e+00   1.41315528e-01   2.82084913e-94 ...,   9.95744907e-04
    3.94248812e-21   9.95749488e-01]
 [  1.41315528e-01   1.00000000e+00   6.19938695e-55 ...,   4.97926802e-02
    9.48710817e-02   8.21681808e-03]
 [  2.82084913e-94   6.19938695e-55   1.00000000e+00 ...,   1.09950843e-06
    6.42348529e-16   2.49324176e-08]
 ..., 
 [  9.95744907e-04   4.97926802e-02   1.09950843e-06 ...,   1.00000000e+00
    1.37520479e-04   3.04250397e-02]
 [  3.94248812e-21   9.48710817e-02   6.42348529e-16 ...,   1.37520479e-04
    1.00000000e+00   7.99506084e-11]
 [  9.95749488e-01   8.21681808e-03   2.49324176e-08 ...,   3.04250397e-02
    7.99506084e-11   1.00000000e+00]]
epoch:  14  errors:  34.4073326886
sigmas:
[[ 522.3518892   455.09723802   91.44110734 ...,  432.1311422   188.44533716
   536.48404101]
 [ 455.09723802  148.77426677  104.109757   ...,  472.81003115
   670.71105405  282.54196134]
 [  91.44110734  104.109757    600.95758809 ...,  358.40539063
   261.22738982  318.1056717 ]
 ..., 
 [ 432.1311422   472.81003115  358.40539063 ...,  314.46880188
   365.26936888  599.57255636]
 [ 188.44533716  670.71105405  261.22738982 ...,  365.26936888
   591.88270143  265.87247502]
 [ 536.48404101  282.54196134  318.1056717  ...,  599.57255636
   265.87247502  694.38711223]]
saving sigmas to:  ./sigmas/modelReal_singleUpdateII_Alpha1000_750/modelReal_singleUpdateII_Alpha1000_750_step15.npy
gm
[[  1.00000000e+00   1.41315480e-01   2.82084913e-94 ...,   9.95744906e-04
    3.94248812e-21   9.95749523e-01]
 [  1.41315480e-01   1.00000000e+00   6.19938695e-55 ...,   4.97926589e-02
    9.48711333e-02   8.21681740e-03]
 [  2.82084913e-94   6.19938695e-55   1.00000000e+00 ...,   1.09950843e-06
    6.42348529e-16   2.49324176e-08]
 ..., 
 [  9.95744906e-04   4.97926589e-02   1.09950843e-06 ...,   1.00000000e+00
    1.37520481e-04   3.04250394e-02]
 [  3.94248812e-21   9.48711333e-02   6.42348529e-16 ...,   1.37520481e-04
    1.00000000e+00   7.99506084e-11]
 [  9.95749523e-01   8.21681740e-03   2.49324176e-08 ...,   3.04250394e-02
    7.99506084e-11   1.00000000e+00]]
epoch:  15  errors:  34.4073769215
sigmas:
[[ 522.3518892   455.0971982    91.44110734 ...,  432.13114217
   188.44533716  536.48627967]
 [ 455.0971982   148.77426677  104.109757   ...,  472.80999741
   670.71113148  282.5419589 ]
 [  91.44110734  104.109757    600.95758809 ...,  358.40539063
   261.22738982  318.1056717 ]
 ..., 
 [ 432.13114217  472.80999741  358.40539063 ...,  314.46880188
   365.26936921  599.57255553]
 [ 188.44533716  670.71113148  261.22738982 ...,  365.26936921
   591.88270143  265.87247502]
 [ 536.48627967  282.5419589   318.1056717  ...,  599.57255553
   265.87247502  694.38711223]]
saving sigmas to:  ./sigmas/modelReal_singleUpdateII_Alpha1000_750/modelReal_singleUpdateII_Alpha1000_750_step16.npy
gm
[[  1.00000000e+00   1.41315432e-01   2.82084913e-94 ...,   9.95744905e-04
    3.94248812e-21   9.95749559e-01]
 [  1.41315432e-01   1.00000000e+00   6.19938695e-55 ...,   4.97926376e-02
    9.48711849e-02   8.21681672e-03]
 [  2.82084913e-94   6.19938695e-55   1.00000000e+00 ...,   1.09950843e-06
    6.42348529e-16   2.49324176e-08]
 ..., 
 [  9.95744905e-04   4.97926376e-02   1.09950843e-06 ...,   1.00000000e+00
    1.37520483e-04   3.04250391e-02]
 [  3.94248812e-21   9.48711849e-02   6.42348529e-16 ...,   1.37520483e-04
    1.00000000e+00   7.99506084e-11]
 [  9.95749559e-01   8.21681672e-03   2.49324176e-08 ...,   3.04250391e-02
    7.99506084e-11   1.00000000e+00]]
epoch:  16  errors:  34.4074211558
sigmas:
[[ 522.3518892   455.09715839   91.44110734 ...,  432.13114213
   188.44533716  536.48851833]
 [ 455.09715839  148.77426677  104.109757   ...,  472.80996368
   670.71120891  282.54195645]
 [  91.44110734  104.109757    600.95758809 ...,  358.40539063
   261.22738982  318.1056717 ]
 ..., 
 [ 432.13114213  472.80996368  358.40539063 ...,  314.46880188
   365.26936954  599.5725547 ]
 [ 188.44533716  670.71120891  261.22738982 ...,  365.26936954
   591.88270143  265.87247502]
 [ 536.48851833  282.54195645  318.1056717  ...,  599.5725547   265.87247502
   694.38711223]]
saving sigmas to:  ./sigmas/modelReal_singleUpdateII_Alpha1000_750/modelReal_singleUpdateII_Alpha1000_750_step17.npy
gm
[[  1.00000000e+00   1.41315383e-01   2.82084913e-94 ...,   9.95744904e-04
    3.94248812e-21   9.95749594e-01]
 [  1.41315383e-01   1.00000000e+00   6.19938695e-55 ...,   4.97926163e-02
    9.48712365e-02   8.21681603e-03]
 [  2.82084913e-94   6.19938695e-55   1.00000000e+00 ...,   1.09950843e-06
    6.42348529e-16   2.49324176e-08]
 ..., 
 [  9.95744904e-04   4.97926163e-02   1.09950843e-06 ...,   1.00000000e+00
    1.37520485e-04   3.04250388e-02]
 [  3.94248812e-21   9.48712365e-02   6.42348529e-16 ...,   1.37520485e-04
    1.00000000e+00   7.99506084e-11]
 [  9.95749594e-01   8.21681603e-03   2.49324176e-08 ...,   3.04250388e-02
    7.99506084e-11   1.00000000e+00]]
epoch:  17  errors:  34.4074653917
sigmas:
[[ 522.3518892   455.09711857   91.44110734 ...,  432.13114209
   188.44533716  536.49075699]
 [ 455.09711857  148.77426677  104.109757   ...,  472.80992995
   670.71128634  282.541954  ]
 [  91.44110734  104.109757    600.95758809 ...,  358.40539063
   261.22738982  318.1056717 ]
 ..., 
 [ 432.13114209  472.80992995  358.40539063 ...,  314.46880188
   365.26936987  599.57255387]
 [ 188.44533716  670.71128634  261.22738982 ...,  365.26936987
   591.88270143  265.87247502]
 [ 536.49075699  282.541954    318.1056717  ...,  599.57255387
   265.87247502  694.38711223]]
saving sigmas to:  ./sigmas/modelReal_singleUpdateII_Alpha1000_750/modelReal_singleUpdateII_Alpha1000_750_step18.npy
gm
[[  1.00000000e+00   1.41315335e-01   2.82084913e-94 ...,   9.95744903e-04
    3.94248812e-21   9.95749630e-01]
 [  1.41315335e-01   1.00000000e+00   6.19938695e-55 ...,   4.97925949e-02
    9.48712881e-02   8.21681535e-03]
 [  2.82084913e-94   6.19938695e-55   1.00000000e+00 ...,   1.09950843e-06
    6.42348529e-16   2.49324176e-08]
 ..., 
 [  9.95744903e-04   4.97925949e-02   1.09950843e-06 ...,   1.00000000e+00
    1.37520487e-04   3.04250385e-02]
 [  3.94248812e-21   9.48712881e-02   6.42348529e-16 ...,   1.37520487e-04
    1.00000000e+00   7.99506084e-11]
 [  9.95749630e-01   8.21681535e-03   2.49324176e-08 ...,   3.04250385e-02
    7.99506084e-11   1.00000000e+00]]
epoch:  18  errors:  34.407509629
sigmas:
[[ 522.3518892   455.09707876   91.44110734 ...,  432.13114206
   188.44533716  536.49299565]
 [ 455.09707876  148.77426677  104.109757   ...,  472.80989621
   670.71136377  282.54195156]
 [  91.44110734  104.109757    600.95758809 ...,  358.40539063
   261.22738982  318.1056717 ]
 ..., 
 [ 432.13114206  472.80989621  358.40539063 ...,  314.46880188
   365.26937021  599.57255304]
 [ 188.44533716  670.71136377  261.22738982 ...,  365.26937021
   591.88270143  265.87247502]
 [ 536.49299565  282.54195156  318.1056717  ...,  599.57255304
   265.87247502  694.38711223]]
saving sigmas to:  ./sigmas/modelReal_singleUpdateII_Alpha1000_750/modelReal_singleUpdateII_Alpha1000_750_step19.npy
gm
[[  1.00000000e+00   1.41315286e-01   2.82084913e-94 ...,   9.95744902e-04
    3.94248812e-21   9.95749665e-01]
 [  1.41315286e-01   1.00000000e+00   6.19938695e-55 ...,   4.97925736e-02
    9.48713397e-02   8.21681467e-03]
 [  2.82084913e-94   6.19938695e-55   1.00000000e+00 ...,   1.09950843e-06
    6.42348529e-16   2.49324176e-08]
 ..., 
 [  9.95744902e-04   4.97925736e-02   1.09950843e-06 ...,   1.00000000e+00
    1.37520490e-04   3.04250382e-02]
 [  3.94248812e-21   9.48713397e-02   6.42348529e-16 ...,   1.37520490e-04
    1.00000000e+00   7.99506084e-11]
 [  9.95749665e-01   8.21681467e-03   2.49324176e-08 ...,   3.04250382e-02
    7.99506084e-11   1.00000000e+00]]
epoch:  19  errors:  34.4075538677
sigmas:
[[ 522.3518892   455.09703894   91.44110734 ...,  432.13114202
   188.44533716  536.49523431]
 [ 455.09703894  148.77426677  104.109757   ...,  472.80986248  670.7114412
   282.54194911]
 [  91.44110734  104.109757    600.95758809 ...,  358.40539063
   261.22738982  318.1056717 ]
 ..., 
 [ 432.13114202  472.80986248  358.40539063 ...,  314.46880188
   365.26937054  599.57255221]
 [ 188.44533716  670.7114412   261.22738982 ...,  365.26937054
   591.88270143  265.87247502]
 [ 536.49523431  282.54194911  318.1056717  ...,  599.57255221
   265.87247502  694.38711223]]
saving sigmas to:  ./sigmas/modelReal_singleUpdateII_Alpha1000_750/modelReal_singleUpdateII_Alpha1000_750_step20.npy
gm
[[  1.00000000e+00   1.41315238e-01   2.82084913e-94 ...,   9.95744900e-04
    3.94248812e-21   9.95749700e-01]
 [  1.41315238e-01   1.00000000e+00   6.19938695e-55 ...,   4.97925523e-02
    9.48713913e-02   8.21681398e-03]
 [  2.82084913e-94   6.19938695e-55   1.00000000e+00 ...,   1.09950843e-06
    6.42348529e-16   2.49324176e-08]
 ..., 
 [  9.95744900e-04   4.97925523e-02   1.09950843e-06 ...,   1.00000000e+00
    1.37520492e-04   3.04250379e-02]
 [  3.94248812e-21   9.48713913e-02   6.42348529e-16 ...,   1.37520492e-04
    1.00000000e+00   7.99506084e-11]
 [  9.95749700e-01   8.21681398e-03   2.49324176e-08 ...,   3.04250379e-02
    7.99506084e-11   1.00000000e+00]]
epoch:  20  errors:  34.407598108
sigmas:
[[ 522.3518892   455.09699913   91.44110734 ...,  432.13114198
   188.44533716  536.49747297]
 [ 455.09699913  148.77426677  104.109757   ...,  472.80982875
   670.71151863  282.54194666]
 [  91.44110734  104.109757    600.95758809 ...,  358.40539063
   261.22738982  318.1056717 ]
 ..., 
 [ 432.13114198  472.80982875  358.40539063 ...,  314.46880188
   365.26937087  599.57255138]
 [ 188.44533716  670.71151863  261.22738982 ...,  365.26937087
   591.88270143  265.87247502]
 [ 536.49747297  282.54194666  318.1056717  ...,  599.57255138
   265.87247502  694.38711223]]
saving sigmas to:  ./sigmas/modelReal_singleUpdateII_Alpha1000_750/modelReal_singleUpdateII_Alpha1000_750_step21.npy
gm
[[  1.00000000e+00   1.41315190e-01   2.82084913e-94 ...,   9.95744899e-04
    3.94248812e-21   9.95749736e-01]
 [  1.41315190e-01   1.00000000e+00   6.19938695e-55 ...,   4.97925310e-02
    9.48714428e-02   8.21681330e-03]
 [  2.82084913e-94   6.19938695e-55   1.00000000e+00 ...,   1.09950843e-06
    6.42348529e-16   2.49324176e-08]
 ..., 
 [  9.95744899e-04   4.97925310e-02   1.09950843e-06 ...,   1.00000000e+00
    1.37520494e-04   3.04250376e-02]
 [  3.94248812e-21   9.48714428e-02   6.42348529e-16 ...,   1.37520494e-04
    1.00000000e+00   7.99506084e-11]
 [  9.95749736e-01   8.21681330e-03   2.49324176e-08 ...,   3.04250376e-02
    7.99506084e-11   1.00000000e+00]]
epoch:  21  errors:  34.4076423497
sigmas:
[[ 522.3518892   455.09695931   91.44110734 ...,  432.13114195
   188.44533716  536.49971164]
 [ 455.09695931  148.77426677  104.109757   ...,  472.80979501
   670.71159606  282.54194422]
 [  91.44110734  104.109757    600.95758809 ...,  358.40539063
   261.22738982  318.1056717 ]
 ..., 
 [ 432.13114195  472.80979501  358.40539063 ...,  314.46880188
   365.26937121  599.57255054]
 [ 188.44533716  670.71159606  261.22738982 ...,  365.26937121
   591.88270143  265.87247502]
 [ 536.49971164  282.54194422  318.1056717  ...,  599.57255054
   265.87247502  694.38711223]]
saving sigmas to:  ./sigmas/modelReal_singleUpdateII_Alpha1000_750/modelReal_singleUpdateII_Alpha1000_750_step22.npy
gm
[[  1.00000000e+00   1.41315141e-01   2.82084913e-94 ...,   9.95744898e-04
    3.94248812e-21   9.95749771e-01]
 [  1.41315141e-01   1.00000000e+00   6.19938695e-55 ...,   4.97925097e-02
    9.48714944e-02   8.21681262e-03]
 [  2.82084913e-94   6.19938695e-55   1.00000000e+00 ...,   1.09950843e-06
    6.42348529e-16   2.49324176e-08]
 ..., 
 [  9.95744898e-04   4.97925097e-02   1.09950843e-06 ...,   1.00000000e+00
    1.37520496e-04   3.04250373e-02]
 [  3.94248812e-21   9.48714944e-02   6.42348529e-16 ...,   1.37520496e-04
    1.00000000e+00   7.99506084e-11]
 [  9.95749771e-01   8.21681262e-03   2.49324176e-08 ...,   3.04250373e-02
    7.99506084e-11   1.00000000e+00]]
epoch:  22  errors:  34.4076865928
sigmas:
[[ 522.3518892   455.0969195    91.44110734 ...,  432.13114191
   188.44533716  536.5019503 ]
 [ 455.0969195   148.77426677  104.109757   ...,  472.80976128
   670.71167349  282.54194177]
 [  91.44110734  104.109757    600.95758809 ...,  358.40539063
   261.22738982  318.1056717 ]
 ..., 
 [ 432.13114191  472.80976128  358.40539063 ...,  314.46880188
   365.26937154  599.57254971]
 [ 188.44533716  670.71167349  261.22738982 ...,  365.26937154
   591.88270143  265.87247502]
 [ 536.5019503   282.54194177  318.1056717  ...,  599.57254971
   265.87247502  694.38711223]]
saving sigmas to:  ./sigmas/modelReal_singleUpdateII_Alpha1000_750/modelReal_singleUpdateII_Alpha1000_750_step23.npy
gm
[[  1.00000000e+00   1.41315093e-01   2.82084913e-94 ...,   9.95744897e-04
    3.94248812e-21   9.95749807e-01]
 [  1.41315093e-01   1.00000000e+00   6.19938695e-55 ...,   4.97924884e-02
    9.48715460e-02   8.21681193e-03]
 [  2.82084913e-94   6.19938695e-55   1.00000000e+00 ...,   1.09950843e-06
    6.42348529e-16   2.49324176e-08]
 ..., 
 [  9.95744897e-04   4.97924884e-02   1.09950843e-06 ...,   1.00000000e+00
    1.37520499e-04   3.04250370e-02]
 [  3.94248812e-21   9.48715460e-02   6.42348529e-16 ...,   1.37520499e-04
    1.00000000e+00   7.99506084e-11]
 [  9.95749807e-01   8.21681193e-03   2.49324176e-08 ...,   3.04250370e-02
    7.99506084e-11   1.00000000e+00]]
epoch:  23  errors:  34.4077308375
sigmas:
[[ 522.3518892   455.09687968   91.44110734 ...,  432.13114187
   188.44533716  536.50418897]
 [ 455.09687968  148.77426677  104.109757   ...,  472.80972755
   670.71175092  282.54193932]
 [  91.44110734  104.109757    600.95758809 ...,  358.40539063
   261.22738982  318.1056717 ]
 ..., 
 [ 432.13114187  472.80972755  358.40539063 ...,  314.46880188
   365.26937187  599.57254888]
 [ 188.44533716  670.71175092  261.22738982 ...,  365.26937187
   591.88270143  265.87247502]
 [ 536.50418897  282.54193932  318.1056717  ...,  599.57254888
   265.87247502  694.38711223]]
saving sigmas to:  ./sigmas/modelReal_singleUpdateII_Alpha1000_750/modelReal_singleUpdateII_Alpha1000_750_step24.npy
gm
[[  1.00000000e+00   1.41315045e-01   2.82084913e-94 ...,   9.95744896e-04
    3.94248812e-21   9.95749842e-01]
 [  1.41315045e-01   1.00000000e+00   6.19938695e-55 ...,   4.97924671e-02
    9.48715976e-02   8.21681125e-03]
 [  2.82084913e-94   6.19938695e-55   1.00000000e+00 ...,   1.09950843e-06
    6.42348529e-16   2.49324176e-08]
 ..., 
 [  9.95744896e-04   4.97924671e-02   1.09950843e-06 ...,   1.00000000e+00
    1.37520501e-04   3.04250368e-02]
 [  3.94248812e-21   9.48715976e-02   6.42348529e-16 ...,   1.37520501e-04
    1.00000000e+00   7.99506084e-11]
 [  9.95749842e-01   8.21681125e-03   2.49324176e-08 ...,   3.04250368e-02
    7.99506084e-11   1.00000000e+00]]
epoch:  24  errors:  34.4077750836
sigmas:
[[ 522.3518892   455.09683987   91.44110734 ...,  432.13114184
   188.44533716  536.50642764]
 [ 455.09683987  148.77426677  104.109757   ...,  472.80969381
   670.71182835  282.54193688]
 [  91.44110734  104.109757    600.95758809 ...,  358.40539063
   261.22738982  318.1056717 ]
 ..., 
 [ 432.13114184  472.80969381  358.40539063 ...,  314.46880188
   365.26937221  599.57254805]
 [ 188.44533716  670.71182835  261.22738982 ...,  365.26937221
   591.88270143  265.87247502]
 [ 536.50642764  282.54193688  318.1056717  ...,  599.57254805
   265.87247502  694.38711223]]
saving sigmas to:  ./sigmas/modelReal_singleUpdateII_Alpha1000_750/modelReal_singleUpdateII_Alpha1000_750_step25.npy
gm
[[  1.00000000e+00   1.41314996e-01   2.82084913e-94 ...,   9.95744895e-04
    3.94248812e-21   9.95749877e-01]
 [  1.41314996e-01   1.00000000e+00   6.19938695e-55 ...,   4.97924457e-02
    9.48716492e-02   8.21681057e-03]
 [  2.82084913e-94   6.19938695e-55   1.00000000e+00 ...,   1.09950843e-06
    6.42348529e-16   2.49324176e-08]
 ..., 
 [  9.95744895e-04   4.97924457e-02   1.09950843e-06 ...,   1.00000000e+00
    1.37520503e-04   3.04250365e-02]
 [  3.94248812e-21   9.48716492e-02   6.42348529e-16 ...,   1.37520503e-04
    1.00000000e+00   7.99506084e-11]
 [  9.95749877e-01   8.21681057e-03   2.49324176e-08 ...,   3.04250365e-02
    7.99506084e-11   1.00000000e+00]]
epoch:  25  errors:  34.4078193312
sigmas:
[[ 522.3518892   455.09680005   91.44110734 ...,  432.1311418   188.44533716
   536.50866631]
 [ 455.09680005  148.77426677  104.109757   ...,  472.80966008
   670.71190578  282.54193443]
 [  91.44110734  104.109757    600.95758809 ...,  358.40539063
   261.22738982  318.1056717 ]
 ..., 
 [ 432.1311418   472.80966008  358.40539063 ...,  314.46880188
   365.26937254  599.57254722]
 [ 188.44533716  670.71190578  261.22738982 ...,  365.26937254
   591.88270143  265.87247502]
 [ 536.50866631  282.54193443  318.1056717  ...,  599.57254722
   265.87247502  694.38711223]]
