Loading cqt and beats... 
Perform sync
Perform loadInterval2Frame
[[array([], dtype=float64), 'Silence'], [array([ 0, 18]), 'I'], [array([18, 50]), 'V'], [array([50, 81]), 'V'], [array([ 81, 113]), 'C'], [array([113, 130]), 'T'], [array([130, 161]), 'V'], [array([161, 193]), 'C'], [array([193, 242]), "T'"], [array([242, 274]), 'C'], [array([274, 321]), 'O'], [array([], dtype=float64), 'Silence']]
[[array([ 0, 18]), 'I'], [array([18, 50]), 'V'], [array([50, 81]), 'V'], [array([ 81, 113]), 'C'], [array([113, 130]), 'T'], [array([130, 161]), 'V'], [array([161, 193]), 'C'], [array([193, 242]), "T'"], [array([242, 274]), 'C'], [array([274, 321]), 'O']]
sigmas
[[ 1392.9383712   1213.59433351   243.84295291 ...,  1152.34971411
    502.5208991   1430.52859373]
 [ 1213.59433351   396.73137805   277.62601867 ...,  1260.82818901
   1788.55950717   753.44533464]
 [  243.84295291   277.62601867  1602.55356824 ...,   955.74770834
    696.60637285   848.28179121]
 ..., 
 [ 1152.34971411  1260.82818901   955.74770834 ...,   838.58347168
    974.05163612  1598.86018577]
 [  502.5208991   1788.55950717   696.60637285 ...,   974.05163612
   1578.35387049   708.99326672]
 [ 1430.52859373   753.44533464   848.28179121 ...,  1598.86018577
    708.99326672  1851.69896594]]
gm.shape:  (322, 322)
[[  1.00000000e+00   7.59444020e-01   6.99173031e-14 ...,   3.78324596e-01
    1.35099957e-03   9.99401102e-01]
 [  7.59444020e-01   1.00000000e+00   2.38258851e-08 ...,   6.55826998e-01
    7.18057049e-01   5.09043950e-01]
 [  6.99173031e-14   2.38258851e-08   1.00000000e+00 ...,   1.45225723e-01
    7.30453811e-03   8.52697506e-02]
 ..., 
 [  3.78324596e-01   6.55826998e-01   1.45225723e-01 ...,   1.00000000e+00
    2.86390031e-01   6.11933727e-01]
 [  1.35099957e-03   7.18057049e-01   7.30453811e-03 ...,   2.86390031e-01
    1.00000000e+00   3.80263212e-02]
 [  9.99401102e-01   5.09043950e-01   8.52697506e-02 ...,   6.11933727e-01
    3.80263212e-02   1.00000000e+00]]
L_true
[[ 1.         -0.05555556 -0.05555556 ..., -0.         -0.         -0.        ]
 [-0.05555556  1.         -0.05555556 ..., -0.         -0.         -0.        ]
 [-0.05555556 -0.05555556  1.         ..., -0.         -0.         -0.        ]
 ..., 
 [-0.         -0.         -0.         ...,  1.         -0.0212766
  -0.0212766 ]
 [-0.         -0.         -0.         ..., -0.0212766   1.         -0.0212766 ]
 [-0.         -0.         -0.         ..., -0.0212766  -0.0212766   1.        ]]
gm.shape, m_true.shape:  (322, 322) (322, 322)
gm is symmetric:  True
m_true is symmetric:  True
errors:  3.44524916855
sigmas:
[[ 1392.9383712   1213.59433228   243.84295291 ...,  1152.34971412
    502.5208991   1430.52859846]
 [ 1213.59433228   396.73137805   277.62601867 ...,  1260.8281895
   1788.55950821   753.44533389]
 [  243.84295291   277.62601867  1602.55356824 ...,   955.74770828
    696.60637285   848.28179116]
 ..., 
 [ 1152.34971412  1260.8281895    955.74770828 ...,   838.58347168
    974.05163631  1598.86018575]
 [  502.5208991   1788.55950821   696.60637285 ...,   974.05163631
   1578.35387049   708.99326704]
 [ 1430.52859846   753.44533389   848.28179116 ...,  1598.86018575
    708.99326704  1851.69896594]]
saving sigmas to:  ./sigmas/modelReal_batchUpdate_Alpha1000_2000/modelReal_batchUpdate_Alpha1000_2000_step0.npy
gm
[[  1.00000000e+00   7.59444019e-01   6.99173031e-14 ...,   3.78324596e-01
    1.35099957e-03   9.99401102e-01]
 [  7.59444019e-01   1.00000000e+00   2.38258851e-08 ...,   6.55826998e-01
    7.18057049e-01   5.09043949e-01]
 [  6.99173031e-14   2.38258851e-08   1.00000000e+00 ...,   1.45225723e-01
    7.30453811e-03   8.52697505e-02]
 ..., 
 [  3.78324596e-01   6.55826998e-01   1.45225723e-01 ...,   1.00000000e+00
    2.86390032e-01   6.11933727e-01]
 [  1.35099957e-03   7.18057049e-01   7.30453811e-03 ...,   2.86390032e-01
    1.00000000e+00   3.80263213e-02]
 [  9.99401102e-01   5.09043949e-01   8.52697505e-02 ...,   6.11933727e-01
    3.80263213e-02   1.00000000e+00]]
epoch:  0  errors:  3.44524916917
sigmas:
[[ 1392.9383712   1213.59433104   243.84295291 ...,  1152.34971413
    502.5208991   1430.52860318]
 [ 1213.59433104   396.73137805   277.62601867 ...,  1260.82818999
   1788.55950925   753.44533314]
 [  243.84295291   277.62601867  1602.55356824 ...,   955.74770823
    696.60637285   848.28179111]
 ..., 
 [ 1152.34971413  1260.82818999   955.74770823 ...,   838.58347168
    974.05163651  1598.86018573]
 [  502.5208991   1788.55950925   696.60637285 ...,   974.05163651
   1578.35387049   708.99326735]
 [ 1430.52860318   753.44533314   848.28179111 ...,  1598.86018573
    708.99326735  1851.69896594]]
saving sigmas to:  ./sigmas/modelReal_batchUpdate_Alpha1000_2000/modelReal_batchUpdate_Alpha1000_2000_step1.npy
gm
[[  1.00000000e+00   7.59444019e-01   6.99173031e-14 ...,   3.78324596e-01
    1.35099957e-03   9.99401102e-01]
 [  7.59444019e-01   1.00000000e+00   2.38258851e-08 ...,   6.55826999e-01
    7.18057049e-01   5.09043948e-01]
 [  6.99173031e-14   2.38258851e-08   1.00000000e+00 ...,   1.45225723e-01
    7.30453811e-03   8.52697505e-02]
 ..., 
 [  3.78324596e-01   6.55826999e-01   1.45225723e-01 ...,   1.00000000e+00
    2.86390032e-01   6.11933727e-01]
 [  1.35099957e-03   7.18057049e-01   7.30453811e-03 ...,   2.86390032e-01
    1.00000000e+00   3.80263214e-02]
 [  9.99401102e-01   5.09043948e-01   8.52697505e-02 ...,   6.11933727e-01
    3.80263214e-02   1.00000000e+00]]
epoch:  1  errors:  3.44524916978
sigmas:
[[ 1392.9383712   1213.5943298    243.84295291 ...,  1152.34971414
    502.5208991   1430.52860791]
 [ 1213.5943298    396.73137805   277.62601867 ...,  1260.82819049
   1788.55951029   753.44533239]
 [  243.84295291   277.62601867  1602.55356824 ...,   955.74770817
    696.60637285   848.28179107]
 ..., 
 [ 1152.34971414  1260.82819049   955.74770817 ...,   838.58347168
    974.0516367   1598.86018571]
 [  502.5208991   1788.55951029   696.60637285 ...,   974.0516367
   1578.35387049   708.99326767]
 [ 1430.52860791   753.44533239   848.28179107 ...,  1598.86018571
    708.99326767  1851.69896594]]
saving sigmas to:  ./sigmas/modelReal_batchUpdate_Alpha1000_2000/modelReal_batchUpdate_Alpha1000_2000_step2.npy
gm
[[  1.00000000e+00   7.59444018e-01   6.99173031e-14 ...,   3.78324596e-01
    1.35099957e-03   9.99401102e-01]
 [  7.59444018e-01   1.00000000e+00   2.38258851e-08 ...,   6.55826999e-01
    7.18057050e-01   5.09043948e-01]
 [  6.99173031e-14   2.38258851e-08   1.00000000e+00 ...,   1.45225723e-01
    7.30453811e-03   8.52697505e-02]
 ..., 
 [  3.78324596e-01   6.55826999e-01   1.45225723e-01 ...,   1.00000000e+00
    2.86390032e-01   6.11933726e-01]
 [  1.35099957e-03   7.18057050e-01   7.30453811e-03 ...,   2.86390032e-01
    1.00000000e+00   3.80263215e-02]
 [  9.99401102e-01   5.09043948e-01   8.52697505e-02 ...,   6.11933726e-01
    3.80263215e-02   1.00000000e+00]]
epoch:  2  errors:  3.4452491704
sigmas:
[[ 1392.9383712   1213.59432856   243.84295291 ...,  1152.34971415
    502.5208991   1430.52861264]
 [ 1213.59432856   396.73137805   277.62601867 ...,  1260.82819098
   1788.55951134   753.44533164]
 [  243.84295291   277.62601867  1602.55356824 ...,   955.74770811
    696.60637285   848.28179102]
 ..., 
 [ 1152.34971415  1260.82819098   955.74770811 ...,   838.58347168
    974.0516369   1598.86018569]
 [  502.5208991   1788.55951134   696.60637285 ...,   974.0516369
   1578.35387049   708.99326798]
 [ 1430.52861264   753.44533164   848.28179102 ...,  1598.86018569
    708.99326798  1851.69896594]]
saving sigmas to:  ./sigmas/modelReal_batchUpdate_Alpha1000_2000/modelReal_batchUpdate_Alpha1000_2000_step3.npy
gm
[[  1.00000000e+00   7.59444018e-01   6.99173031e-14 ...,   3.78324596e-01
    1.35099957e-03   9.99401102e-01]
 [  7.59444018e-01   1.00000000e+00   2.38258851e-08 ...,   6.55826999e-01
    7.18057050e-01   5.09043947e-01]
 [  6.99173031e-14   2.38258851e-08   1.00000000e+00 ...,   1.45225723e-01
    7.30453811e-03   8.52697505e-02]
 ..., 
 [  3.78324596e-01   6.55826999e-01   1.45225723e-01 ...,   1.00000000e+00
    2.86390032e-01   6.11933726e-01]
 [  1.35099957e-03   7.18057050e-01   7.30453811e-03 ...,   2.86390032e-01
    1.00000000e+00   3.80263216e-02]
 [  9.99401102e-01   5.09043947e-01   8.52697505e-02 ...,   6.11933726e-01
    3.80263216e-02   1.00000000e+00]]
epoch:  3  errors:  3.44524917102
sigmas:
[[ 1392.9383712   1213.59432733   243.84295291 ...,  1152.34971416
    502.5208991   1430.52861737]
 [ 1213.59432733   396.73137805   277.62601867 ...,  1260.82819147
   1788.55951238   753.44533089]
 [  243.84295291   277.62601867  1602.55356824 ...,   955.74770805
    696.60637285   848.28179097]
 ..., 
 [ 1152.34971416  1260.82819147   955.74770805 ...,   838.58347168
    974.05163709  1598.86018567]
 [  502.5208991   1788.55951238   696.60637285 ...,   974.05163709
   1578.35387049   708.9932683 ]
 [ 1430.52861737   753.44533089   848.28179097 ...,  1598.86018567
    708.9932683   1851.69896594]]
saving sigmas to:  ./sigmas/modelReal_batchUpdate_Alpha1000_2000/modelReal_batchUpdate_Alpha1000_2000_step4.npy
gm
[[  1.00000000e+00   7.59444017e-01   6.99173031e-14 ...,   3.78324596e-01
    1.35099957e-03   9.99401102e-01]
 [  7.59444017e-01   1.00000000e+00   2.38258851e-08 ...,   6.55826999e-01
    7.18057050e-01   5.09043946e-01]
 [  6.99173031e-14   2.38258851e-08   1.00000000e+00 ...,   1.45225723e-01
    7.30453811e-03   8.52697505e-02]
 ..., 
 [  3.78324596e-01   6.55826999e-01   1.45225723e-01 ...,   1.00000000e+00
    2.86390032e-01   6.11933726e-01]
 [  1.35099957e-03   7.18057050e-01   7.30453811e-03 ...,   2.86390032e-01
    1.00000000e+00   3.80263217e-02]
 [  9.99401102e-01   5.09043946e-01   8.52697505e-02 ...,   6.11933726e-01
    3.80263217e-02   1.00000000e+00]]
epoch:  4  errors:  3.44524917164
sigmas:
[[ 1392.9383712   1213.59432609   243.84295291 ...,  1152.34971417
    502.5208991   1430.5286221 ]
 [ 1213.59432609   396.73137805   277.62601867 ...,  1260.82819196
   1788.55951342   753.44533014]
 [  243.84295291   277.62601867  1602.55356824 ...,   955.747708
    696.60637285   848.28179093]
 ..., 
 [ 1152.34971417  1260.82819196   955.747708   ...,   838.58347168
    974.05163729  1598.86018565]
 [  502.5208991   1788.55951342   696.60637285 ...,   974.05163729
   1578.35387049   708.99326861]
 [ 1430.5286221    753.44533014   848.28179093 ...,  1598.86018565
    708.99326861  1851.69896594]]
saving sigmas to:  ./sigmas/modelReal_batchUpdate_Alpha1000_2000/modelReal_batchUpdate_Alpha1000_2000_step5.npy
gm
[[  1.00000000e+00   7.59444017e-01   6.99173031e-14 ...,   3.78324596e-01
    1.35099957e-03   9.99401102e-01]
 [  7.59444017e-01   1.00000000e+00   2.38258851e-08 ...,   6.55826999e-01
    7.18057051e-01   5.09043946e-01]
 [  6.99173031e-14   2.38258851e-08   1.00000000e+00 ...,   1.45225723e-01
    7.30453811e-03   8.52697504e-02]
 ..., 
 [  3.78324596e-01   6.55826999e-01   1.45225723e-01 ...,   1.00000000e+00
    2.86390032e-01   6.11933726e-01]
 [  1.35099957e-03   7.18057051e-01   7.30453811e-03 ...,   2.86390032e-01
    1.00000000e+00   3.80263218e-02]
 [  9.99401102e-01   5.09043946e-01   8.52697504e-02 ...,   6.11933726e-01
    3.80263218e-02   1.00000000e+00]]
epoch:  5  errors:  3.44524917225
sigmas:
[[ 1392.9383712   1213.59432485   243.84295291 ...,  1152.34971417
    502.5208991   1430.52862682]
 [ 1213.59432485   396.73137805   277.62601867 ...,  1260.82819246
   1788.55951446   753.4453294 ]
 [  243.84295291   277.62601867  1602.55356824 ...,   955.74770794
    696.60637285   848.28179088]
 ..., 
 [ 1152.34971417  1260.82819246   955.74770794 ...,   838.58347168
    974.05163748  1598.86018563]
 [  502.5208991   1788.55951446   696.60637285 ...,   974.05163748
   1578.35387049   708.99326893]
 [ 1430.52862682   753.4453294    848.28179088 ...,  1598.86018563
    708.99326893  1851.69896594]]
saving sigmas to:  ./sigmas/modelReal_batchUpdate_Alpha1000_2000/modelReal_batchUpdate_Alpha1000_2000_step6.npy
gm
[[  1.00000000e+00   7.59444017e-01   6.99173031e-14 ...,   3.78324596e-01
    1.35099957e-03   9.99401102e-01]
 [  7.59444017e-01   1.00000000e+00   2.38258851e-08 ...,   6.55827000e-01
    7.18057051e-01   5.09043945e-01]
 [  6.99173031e-14   2.38258851e-08   1.00000000e+00 ...,   1.45225723e-01
    7.30453811e-03   8.52697504e-02]
 ..., 
 [  3.78324596e-01   6.55827000e-01   1.45225723e-01 ...,   1.00000000e+00
    2.86390033e-01   6.11933726e-01]
 [  1.35099957e-03   7.18057051e-01   7.30453811e-03 ...,   2.86390033e-01
    1.00000000e+00   3.80263219e-02]
 [  9.99401102e-01   5.09043945e-01   8.52697504e-02 ...,   6.11933726e-01
    3.80263219e-02   1.00000000e+00]]
epoch:  6  errors:  3.44524917287
sigmas:
[[ 1392.9383712   1213.59432361   243.84295291 ...,  1152.34971418
    502.5208991   1430.52863155]
 [ 1213.59432361   396.73137805   277.62601867 ...,  1260.82819295
   1788.55951551   753.44532865]
 [  243.84295291   277.62601867  1602.55356824 ...,   955.74770788
    696.60637285   848.28179083]
 ..., 
 [ 1152.34971418  1260.82819295   955.74770788 ...,   838.58347168
    974.05163768  1598.86018561]
 [  502.5208991   1788.55951551   696.60637285 ...,   974.05163768
   1578.35387049   708.99326924]
 [ 1430.52863155   753.44532865   848.28179083 ...,  1598.86018561
    708.99326924  1851.69896594]]
saving sigmas to:  ./sigmas/modelReal_batchUpdate_Alpha1000_2000/modelReal_batchUpdate_Alpha1000_2000_step7.npy
gm
[[  1.00000000e+00   7.59444016e-01   6.99173031e-14 ...,   3.78324596e-01
    1.35099957e-03   9.99401102e-01]
 [  7.59444016e-01   1.00000000e+00   2.38258851e-08 ...,   6.55827000e-01
    7.18057051e-01   5.09043944e-01]
 [  6.99173031e-14   2.38258851e-08   1.00000000e+00 ...,   1.45225723e-01
    7.30453811e-03   8.52697504e-02]
 ..., 
 [  3.78324596e-01   6.55827000e-01   1.45225723e-01 ...,   1.00000000e+00
    2.86390033e-01   6.11933726e-01]
 [  1.35099957e-03   7.18057051e-01   7.30453811e-03 ...,   2.86390033e-01
    1.00000000e+00   3.80263220e-02]
 [  9.99401102e-01   5.09043944e-01   8.52697504e-02 ...,   6.11933726e-01
    3.80263220e-02   1.00000000e+00]]
epoch:  7  errors:  3.44524917349
sigmas:
[[ 1392.9383712   1213.59432238   243.84295291 ...,  1152.34971419
    502.5208991   1430.52863628]
 [ 1213.59432238   396.73137805   277.62601867 ...,  1260.82819344
   1788.55951655   753.4453279 ]
 [  243.84295291   277.62601867  1602.55356824 ...,   955.74770782
    696.60637284   848.28179079]
 ..., 
 [ 1152.34971419  1260.82819344   955.74770782 ...,   838.58347168
    974.05163788  1598.86018559]
 [  502.5208991   1788.55951655   696.60637284 ...,   974.05163788
   1578.35387049   708.99326956]
 [ 1430.52863628   753.4453279    848.28179079 ...,  1598.86018559
    708.99326956  1851.69896594]]
saving sigmas to:  ./sigmas/modelReal_batchUpdate_Alpha1000_2000/modelReal_batchUpdate_Alpha1000_2000_step8.npy
gm
[[  1.00000000e+00   7.59444016e-01   6.99173031e-14 ...,   3.78324596e-01
    1.35099957e-03   9.99401102e-01]
 [  7.59444016e-01   1.00000000e+00   2.38258851e-08 ...,   6.55827000e-01
    7.18057051e-01   5.09043944e-01]
 [  6.99173031e-14   2.38258851e-08   1.00000000e+00 ...,   1.45225723e-01
    7.30453811e-03   8.52697504e-02]
 ..., 
 [  3.78324596e-01   6.55827000e-01   1.45225723e-01 ...,   1.00000000e+00
    2.86390033e-01   6.11933726e-01]
 [  1.35099957e-03   7.18057051e-01   7.30453811e-03 ...,   2.86390033e-01
    1.00000000e+00   3.80263222e-02]
 [  9.99401102e-01   5.09043944e-01   8.52697504e-02 ...,   6.11933726e-01
    3.80263222e-02   1.00000000e+00]]
epoch:  8  errors:  3.44524917411
sigmas:
[[ 1392.9383712   1213.59432114   243.84295291 ...,  1152.3497142
    502.5208991   1430.52864101]
 [ 1213.59432114   396.73137805   277.62601867 ...,  1260.82819393
   1788.55951759   753.44532715]
 [  243.84295291   277.62601867  1602.55356824 ...,   955.74770777
    696.60637284   848.28179074]
 ..., 
 [ 1152.3497142   1260.82819393   955.74770777 ...,   838.58347168
    974.05163807  1598.86018557]
 [  502.5208991   1788.55951759   696.60637284 ...,   974.05163807
   1578.35387049   708.99326987]
 [ 1430.52864101   753.44532715   848.28179074 ...,  1598.86018557
    708.99326987  1851.69896594]]
saving sigmas to:  ./sigmas/modelReal_batchUpdate_Alpha1000_2000/modelReal_batchUpdate_Alpha1000_2000_step9.npy
gm
[[  1.00000000e+00   7.59444015e-01   6.99173031e-14 ...,   3.78324596e-01
    1.35099957e-03   9.99401102e-01]
 [  7.59444015e-01   1.00000000e+00   2.38258851e-08 ...,   6.55827000e-01
    7.18057052e-01   5.09043943e-01]
 [  6.99173031e-14   2.38258851e-08   1.00000000e+00 ...,   1.45225723e-01
    7.30453811e-03   8.52697503e-02]
 ..., 
 [  3.78324596e-01   6.55827000e-01   1.45225723e-01 ...,   1.00000000e+00
    2.86390033e-01   6.11933726e-01]
 [  1.35099957e-03   7.18057052e-01   7.30453811e-03 ...,   2.86390033e-01
    1.00000000e+00   3.80263223e-02]
 [  9.99401102e-01   5.09043943e-01   8.52697503e-02 ...,   6.11933726e-01
    3.80263223e-02   1.00000000e+00]]
epoch:  9  errors:  3.44524917472
[3.4452491691664058, 3.4452491697838115, 3.445249170401226, 3.4452491710186317, 3.4452491716360338, 3.4452491722534453, 3.4452491728708532, 3.445249173488266, 3.4452491741056659, 3.4452491747230716]
