Loading cqt and beats... 
Perform sync
Perform loadInterval2Frame
[[array([], dtype=float64), 'Silence'], [array([ 0, 18]), 'I'], [array([18, 50]), 'V'], [array([50, 81]), 'V'], [array([ 81, 113]), 'C'], [array([113, 130]), 'T'], [array([130, 161]), 'V'], [array([161, 193]), 'C'], [array([193, 242]), "T'"], [array([242, 274]), 'C'], [array([274, 321]), 'O'], [array([], dtype=float64), 'Silence']]
[[array([ 0, 18]), 'I'], [array([18, 50]), 'V'], [array([50, 81]), 'V'], [array([ 81, 113]), 'C'], [array([113, 130]), 'T'], [array([130, 161]), 'V'], [array([161, 193]), 'C'], [array([193, 242]), "T'"], [array([242, 274]), 'C'], [array([274, 321]), 'O']]
sigmas
[[ 1044.7037784    910.19575013   182.88221468 ...,   864.26228558
    376.89067432  1072.8964453 ]
 [  910.19575013   297.54853354   208.219514   ...,   945.62114176
   1341.41963037   565.08400098]
 [  182.88221468   208.219514    1201.91517618 ...,   716.81078126
    522.45477964   636.2113434 ]
 ..., 
 [  864.26228558   945.62114176   716.81078126 ...,   628.93760376
    730.53872709  1199.14513933]
 [  376.89067432  1341.41963037   522.45477964 ...,   730.53872709
   1183.76540287   531.74495004]
 [ 1072.8964453    565.08400098   636.2113434  ...,  1199.14513933
    531.74495004  1388.77422446]]
gm.shape:  (322, 322)
[[  1.00000000e+00   6.13123595e-01   4.09821714e-24 ...,   1.77638471e-01
    7.92396590e-06   9.98935541e-01]
 [  6.13123595e-01   1.00000000e+00   2.80599690e-14 ...,   4.72380621e-01
    5.54986702e-01   3.01075942e-01]
 [  4.09821714e-24   2.80599690e-14   1.00000000e+00 ...,   3.23816997e-02
    1.59199861e-04   1.25658276e-02]
 ..., 
 [  1.77638471e-01   4.72380621e-01   3.23816997e-02 ...,   1.00000000e+00
    1.08290864e-01   4.17645498e-01]
 [  7.92396590e-06   5.54986702e-01   1.59199861e-04 ...,   1.08290864e-01
    1.00000000e+00   2.99023585e-03]
 [  9.98935541e-01   3.01075942e-01   1.25658276e-02 ...,   4.17645498e-01
    2.99023585e-03   1.00000000e+00]]
L_true
[[ 1.         -0.05555556 -0.05555556 ..., -0.         -0.         -0.        ]
 [-0.05555556  1.         -0.05555556 ..., -0.         -0.         -0.        ]
 [-0.05555556 -0.05555556  1.         ..., -0.         -0.         -0.        ]
 ..., 
 [-0.         -0.         -0.         ...,  1.         -0.0212766
  -0.0212766 ]
 [-0.         -0.         -0.         ..., -0.0212766   1.         -0.0212766 ]
 [-0.         -0.         -0.         ..., -0.0212766  -0.0212766   1.        ]]
gm.shape, m_true.shape:  (322, 322) (322, 322)
gm is symmetric:  True
m_true is symmetric:  True
errors:  5.6471029612
sigmas:
[[ 1044.7037784    910.19574883   182.88221468 ...,   864.26228495
    376.89067432  1072.89649953]
 [  910.19574883   297.54853354   208.219514   ...,   945.62114432
   1341.4196386    565.08399537]
 [  182.88221468   208.219514    1201.91517618 ...,   716.81078119
    522.45477964   636.21134339]
 ..., 
 [  864.26228495   945.62114432   716.81078119 ...,   628.93760376
    730.53872808  1199.14514064]
 [  376.89067432  1341.4196386    522.45477964 ...,   730.53872808
   1183.76540287   531.74495027]
 [ 1072.89649953   565.08399537   636.21134339 ...,  1199.14514064
    531.74495027  1388.77422446]]
saving sigmas to:  ./sigmas/modelReal_batchUpdate_Alpha1500_1500/modelReal_batchUpdate_Alpha1500_1500_step0.npy
gm
[[  1.00000000e+00   6.13123594e-01   4.09821714e-24 ...,   1.77638470e-01
    7.92396590e-06   9.98935541e-01]
 [  6.13123594e-01   1.00000000e+00   2.80599690e-14 ...,   4.72380623e-01
    5.54986706e-01   3.01075935e-01]
 [  4.09821714e-24   2.80599690e-14   1.00000000e+00 ...,   3.23816997e-02
    1.59199861e-04   1.25658276e-02]
 ..., 
 [  1.77638470e-01   4.72380623e-01   3.23816997e-02 ...,   1.00000000e+00
    1.08290864e-01   4.17645499e-01]
 [  7.92396590e-06   5.54986706e-01   1.59199861e-04 ...,   1.08290864e-01
    1.00000000e+00   2.99023586e-03]
 [  9.98935541e-01   3.01075935e-01   1.25658276e-02 ...,   4.17645499e-01
    2.99023586e-03   1.00000000e+00]]
epoch:  0  errors:  5.64710305951
sigmas:
[[ 1044.7037784    910.19574753   182.88221468 ...,   864.26228432
    376.89067432  1072.89655376]
 [  910.19574753   297.54853354   208.219514   ...,   945.62114689
   1341.41964683   565.08398975]
 [  182.88221468   208.219514    1201.91517618 ...,   716.81078113
    522.45477964   636.21134337]
 ..., 
 [  864.26228432   945.62114689   716.81078113 ...,   628.93760376
    730.53872907  1199.14514196]
 [  376.89067432  1341.41964683   522.45477964 ...,   730.53872907
   1183.76540287   531.7449505 ]
 [ 1072.89655376   565.08398975   636.21134337 ...,  1199.14514196
    531.7449505   1388.77422446]]
saving sigmas to:  ./sigmas/modelReal_batchUpdate_Alpha1500_1500/modelReal_batchUpdate_Alpha1500_1500_step1.npy
gm
[[  1.00000000e+00   6.13123593e-01   4.09821714e-24 ...,   1.77638470e-01
    7.92396590e-06   9.98935541e-01]
 [  6.13123593e-01   1.00000000e+00   2.80599690e-14 ...,   4.72380625e-01
    5.54986710e-01   3.01075927e-01]
 [  4.09821714e-24   2.80599690e-14   1.00000000e+00 ...,   3.23816996e-02
    1.59199861e-04   1.25658276e-02]
 ..., 
 [  1.77638470e-01   4.72380625e-01   3.23816996e-02 ...,   1.00000000e+00
    1.08290865e-01   4.17645499e-01]
 [  7.92396590e-06   5.54986710e-01   1.59199861e-04 ...,   1.08290865e-01
    1.00000000e+00   2.99023588e-03]
 [  9.98935541e-01   3.01075927e-01   1.25658276e-02 ...,   4.17645499e-01
    2.99023588e-03   1.00000000e+00]]
epoch:  1  errors:  5.64710315781
sigmas:
[[ 1044.7037784    910.19574622   182.88221468 ...,   864.26228369
    376.89067432  1072.89660799]
 [  910.19574622   297.54853354   208.219514   ...,   945.62114946
   1341.41965506   565.08398414]
 [  182.88221468   208.219514    1201.91517618 ...,   716.81078106
    522.45477964   636.21134335]
 ..., 
 [  864.26228369   945.62114946   716.81078106 ...,   628.93760376
    730.53873006  1199.14514328]
 [  376.89067432  1341.41965506   522.45477964 ...,   730.53873006
   1183.76540287   531.74495073]
 [ 1072.89660799   565.08398414   636.21134335 ...,  1199.14514328
    531.74495073  1388.77422446]]
saving sigmas to:  ./sigmas/modelReal_batchUpdate_Alpha1500_1500/modelReal_batchUpdate_Alpha1500_1500_step2.npy
gm
[[  1.00000000e+00   6.13123592e-01   4.09821714e-24 ...,   1.77638469e-01
    7.92396590e-06   9.98935541e-01]
 [  6.13123592e-01   1.00000000e+00   2.80599690e-14 ...,   4.72380627e-01
    5.54986714e-01   3.01075920e-01]
 [  4.09821714e-24   2.80599690e-14   1.00000000e+00 ...,   3.23816996e-02
    1.59199861e-04   1.25658276e-02]
 ..., 
 [  1.77638469e-01   4.72380627e-01   3.23816996e-02 ...,   1.00000000e+00
    1.08290866e-01   4.17645500e-01]
 [  7.92396590e-06   5.54986714e-01   1.59199861e-04 ...,   1.08290866e-01
    1.00000000e+00   2.99023589e-03]
 [  9.98935541e-01   3.01075920e-01   1.25658276e-02 ...,   4.17645500e-01
    2.99023589e-03   1.00000000e+00]]
epoch:  2  errors:  5.64710325611
sigmas:
[[ 1044.7037784    910.19574492   182.88221468 ...,   864.26228306
    376.89067432  1072.89666222]
 [  910.19574492   297.54853354   208.219514   ...,   945.62115203
   1341.41966329   565.08397853]
 [  182.88221468   208.219514    1201.91517618 ...,   716.810781
    522.45477964   636.21134333]
 ..., 
 [  864.26228306   945.62115203   716.810781   ...,   628.93760376
    730.53873106  1199.14514459]
 [  376.89067432  1341.41966329   522.45477964 ...,   730.53873106
   1183.76540287   531.74495095]
 [ 1072.89666222   565.08397853   636.21134333 ...,  1199.14514459
    531.74495095  1388.77422446]]
saving sigmas to:  ./sigmas/modelReal_batchUpdate_Alpha1500_1500/modelReal_batchUpdate_Alpha1500_1500_step3.npy
gm
[[  1.00000000e+00   6.13123591e-01   4.09821714e-24 ...,   1.77638469e-01
    7.92396590e-06   9.98935541e-01]
 [  6.13123591e-01   1.00000000e+00   2.80599690e-14 ...,   4.72380629e-01
    5.54986718e-01   3.01075913e-01]
 [  4.09821714e-24   2.80599690e-14   1.00000000e+00 ...,   3.23816996e-02
    1.59199861e-04   1.25658276e-02]
 ..., 
 [  1.77638469e-01   4.72380629e-01   3.23816996e-02 ...,   1.00000000e+00
    1.08290866e-01   4.17645501e-01]
 [  7.92396590e-06   5.54986718e-01   1.59199861e-04 ...,   1.08290866e-01
    1.00000000e+00   2.99023590e-03]
 [  9.98935541e-01   3.01075913e-01   1.25658276e-02 ...,   4.17645501e-01
    2.99023590e-03   1.00000000e+00]]
epoch:  3  errors:  5.64710335441
sigmas:
[[ 1044.7037784    910.19574362   182.88221468 ...,   864.26228243
    376.89067432  1072.89671645]
 [  910.19574362   297.54853354   208.219514   ...,   945.62115459
   1341.41967152   565.08397292]
 [  182.88221468   208.219514    1201.91517618 ...,   716.81078093
    522.45477964   636.21134331]
 ..., 
 [  864.26228243   945.62115459   716.81078093 ...,   628.93760376
    730.53873205  1199.14514591]
 [  376.89067432  1341.41967152   522.45477964 ...,   730.53873205
   1183.76540287   531.74495118]
 [ 1072.89671645   565.08397292   636.21134331 ...,  1199.14514591
    531.74495118  1388.77422446]]
saving sigmas to:  ./sigmas/modelReal_batchUpdate_Alpha1500_1500/modelReal_batchUpdate_Alpha1500_1500_step4.npy
gm
[[  1.00000000e+00   6.13123590e-01   4.09821714e-24 ...,   1.77638468e-01
    7.92396590e-06   9.98935541e-01]
 [  6.13123590e-01   1.00000000e+00   2.80599690e-14 ...,   4.72380631e-01
    5.54986722e-01   3.01075906e-01]
 [  4.09821714e-24   2.80599690e-14   1.00000000e+00 ...,   3.23816996e-02
    1.59199861e-04   1.25658276e-02]
 ..., 
 [  1.77638468e-01   4.72380631e-01   3.23816996e-02 ...,   1.00000000e+00
    1.08290867e-01   4.17645502e-01]
 [  7.92396590e-06   5.54986722e-01   1.59199861e-04 ...,   1.08290867e-01
    1.00000000e+00   2.99023592e-03]
 [  9.98935541e-01   3.01075906e-01   1.25658276e-02 ...,   4.17645502e-01
    2.99023592e-03   1.00000000e+00]]
epoch:  4  errors:  5.64710345271
sigmas:
[[ 1044.7037784    910.19574231   182.88221468 ...,   864.2622818
    376.89067432  1072.89677068]
 [  910.19574231   297.54853354   208.219514   ...,   945.62115716
   1341.41967975   565.08396731]
 [  182.88221468   208.219514    1201.91517618 ...,   716.81078087
    522.45477964   636.2113433 ]
 ..., 
 [  864.2622818    945.62115716   716.81078087 ...,   628.93760376
    730.53873304  1199.14514723]
 [  376.89067432  1341.41967975   522.45477964 ...,   730.53873304
   1183.76540287   531.74495141]
 [ 1072.89677068   565.08396731   636.2113433  ...,  1199.14514723
    531.74495141  1388.77422446]]
saving sigmas to:  ./sigmas/modelReal_batchUpdate_Alpha1500_1500/modelReal_batchUpdate_Alpha1500_1500_step5.npy
gm
[[  1.00000000e+00   6.13123589e-01   4.09821714e-24 ...,   1.77638468e-01
    7.92396590e-06   9.98935542e-01]
 [  6.13123589e-01   1.00000000e+00   2.80599690e-14 ...,   4.72380633e-01
    5.54986726e-01   3.01075899e-01]
 [  4.09821714e-24   2.80599690e-14   1.00000000e+00 ...,   3.23816996e-02
    1.59199861e-04   1.25658276e-02]
 ..., 
 [  1.77638468e-01   4.72380633e-01   3.23816996e-02 ...,   1.00000000e+00
    1.08290868e-01   4.17645503e-01]
 [  7.92396590e-06   5.54986726e-01   1.59199861e-04 ...,   1.08290868e-01
    1.00000000e+00   2.99023593e-03]
 [  9.98935542e-01   3.01075899e-01   1.25658276e-02 ...,   4.17645503e-01
    2.99023593e-03   1.00000000e+00]]
epoch:  5  errors:  5.64710355101
sigmas:
[[ 1044.7037784    910.19574101   182.88221468 ...,   864.26228117
    376.89067432  1072.89682491]
 [  910.19574101   297.54853354   208.219514   ...,   945.62115973
   1341.41968797   565.0839617 ]
 [  182.88221468   208.219514    1201.91517618 ...,   716.8107808
    522.45477964   636.21134328]
 ..., 
 [  864.26228117   945.62115973   716.8107808  ...,   628.93760376
    730.53873403  1199.14514854]
 [  376.89067432  1341.41968797   522.45477964 ...,   730.53873403
   1183.76540287   531.74495163]
 [ 1072.89682491   565.0839617    636.21134328 ...,  1199.14514854
    531.74495163  1388.77422446]]
saving sigmas to:  ./sigmas/modelReal_batchUpdate_Alpha1500_1500/modelReal_batchUpdate_Alpha1500_1500_step6.npy
gm
[[  1.00000000e+00   6.13123589e-01   4.09821714e-24 ...,   1.77638467e-01
    7.92396590e-06   9.98935542e-01]
 [  6.13123589e-01   1.00000000e+00   2.80599690e-14 ...,   4.72380635e-01
    5.54986730e-01   3.01075891e-01]
 [  4.09821714e-24   2.80599690e-14   1.00000000e+00 ...,   3.23816995e-02
    1.59199861e-04   1.25658276e-02]
 ..., 
 [  1.77638467e-01   4.72380635e-01   3.23816995e-02 ...,   1.00000000e+00
    1.08290868e-01   4.17645503e-01]
 [  7.92396590e-06   5.54986730e-01   1.59199861e-04 ...,   1.08290868e-01
    1.00000000e+00   2.99023595e-03]
 [  9.98935542e-01   3.01075891e-01   1.25658276e-02 ...,   4.17645503e-01
    2.99023595e-03   1.00000000e+00]]
epoch:  6  errors:  5.64710364932
sigmas:
[[ 1044.7037784    910.19573971   182.88221468 ...,   864.26228054
    376.89067432  1072.89687914]
 [  910.19573971   297.54853354   208.219514   ...,   945.6211623
   1341.4196962    565.08395609]
 [  182.88221468   208.219514    1201.91517618 ...,   716.81078074
    522.45477964   636.21134326]
 ..., 
 [  864.26228054   945.6211623    716.81078074 ...,   628.93760376
    730.53873503  1199.14514986]
 [  376.89067432  1341.4196962    522.45477964 ...,   730.53873503
   1183.76540287   531.74495186]
 [ 1072.89687914   565.08395609   636.21134326 ...,  1199.14514986
    531.74495186  1388.77422446]]
saving sigmas to:  ./sigmas/modelReal_batchUpdate_Alpha1500_1500/modelReal_batchUpdate_Alpha1500_1500_step7.npy
gm
[[  1.00000000e+00   6.13123588e-01   4.09821714e-24 ...,   1.77638467e-01
    7.92396590e-06   9.98935542e-01]
 [  6.13123588e-01   1.00000000e+00   2.80599690e-14 ...,   4.72380637e-01
    5.54986734e-01   3.01075884e-01]
 [  4.09821714e-24   2.80599690e-14   1.00000000e+00 ...,   3.23816995e-02
    1.59199861e-04   1.25658276e-02]
 ..., 
 [  1.77638467e-01   4.72380637e-01   3.23816995e-02 ...,   1.00000000e+00
    1.08290869e-01   4.17645504e-01]
 [  7.92396590e-06   5.54986734e-01   1.59199861e-04 ...,   1.08290869e-01
    1.00000000e+00   2.99023596e-03]
 [  9.98935542e-01   3.01075884e-01   1.25658276e-02 ...,   4.17645504e-01
    2.99023596e-03   1.00000000e+00]]
epoch:  7  errors:  5.64710374762
sigmas:
[[ 1044.7037784    910.1957384    182.88221468 ...,   864.26227991
    376.89067432  1072.89693337]
 [  910.1957384    297.54853354   208.219514   ...,   945.62116486
   1341.41970443   565.08395047]
 [  182.88221468   208.219514    1201.91517618 ...,   716.81078068
    522.45477964   636.21134324]
 ..., 
 [  864.26227991   945.62116486   716.81078068 ...,   628.93760376
    730.53873602  1199.14515117]
 [  376.89067432  1341.41970443   522.45477964 ...,   730.53873602
   1183.76540287   531.74495209]
 [ 1072.89693337   565.08395047   636.21134324 ...,  1199.14515117
    531.74495209  1388.77422446]]
saving sigmas to:  ./sigmas/modelReal_batchUpdate_Alpha1500_1500/modelReal_batchUpdate_Alpha1500_1500_step8.npy
gm
[[  1.00000000e+00   6.13123587e-01   4.09821714e-24 ...,   1.77638467e-01
    7.92396590e-06   9.98935542e-01]
 [  6.13123587e-01   1.00000000e+00   2.80599690e-14 ...,   4.72380639e-01
    5.54986739e-01   3.01075877e-01]
 [  4.09821714e-24   2.80599690e-14   1.00000000e+00 ...,   3.23816995e-02
    1.59199861e-04   1.25658276e-02]
 ..., 
 [  1.77638467e-01   4.72380639e-01   3.23816995e-02 ...,   1.00000000e+00
    1.08290870e-01   4.17645505e-01]
 [  7.92396590e-06   5.54986739e-01   1.59199861e-04 ...,   1.08290870e-01
    1.00000000e+00   2.99023598e-03]
 [  9.98935542e-01   3.01075877e-01   1.25658276e-02 ...,   4.17645505e-01
    2.99023598e-03   1.00000000e+00]]
epoch:  8  errors:  5.64710384592
sigmas:
[[ 1044.7037784    910.1957371    182.88221468 ...,   864.26227928
    376.89067432  1072.8969876 ]
 [  910.1957371    297.54853354   208.219514   ...,   945.62116743
   1341.41971266   565.08394486]
 [  182.88221468   208.219514    1201.91517618 ...,   716.81078061
    522.45477964   636.21134323]
 ..., 
 [  864.26227928   945.62116743   716.81078061 ...,   628.93760376
    730.53873701  1199.14515249]
 [  376.89067432  1341.41971266   522.45477964 ...,   730.53873701
   1183.76540287   531.74495232]
 [ 1072.8969876    565.08394486   636.21134323 ...,  1199.14515249
    531.74495232  1388.77422446]]
saving sigmas to:  ./sigmas/modelReal_batchUpdate_Alpha1500_1500/modelReal_batchUpdate_Alpha1500_1500_step9.npy
gm
[[  1.00000000e+00   6.13123586e-01   4.09821714e-24 ...,   1.77638466e-01
    7.92396590e-06   9.98935542e-01]
 [  6.13123586e-01   1.00000000e+00   2.80599690e-14 ...,   4.72380641e-01
    5.54986743e-01   3.01075870e-01]
 [  4.09821714e-24   2.80599690e-14   1.00000000e+00 ...,   3.23816995e-02
    1.59199861e-04   1.25658276e-02]
 ..., 
 [  1.77638466e-01   4.72380641e-01   3.23816995e-02 ...,   1.00000000e+00
    1.08290870e-01   4.17645506e-01]
 [  7.92396590e-06   5.54986743e-01   1.59199861e-04 ...,   1.08290870e-01
    1.00000000e+00   2.99023599e-03]
 [  9.98935542e-01   3.01075870e-01   1.25658276e-02 ...,   4.17645506e-01
    2.99023599e-03   1.00000000e+00]]
epoch:  9  errors:  5.64710394422
[5.6471030595052856, 5.6471031578069066, 5.6471032561086147, 5.6471033544104037, 5.647103452712269, 5.6471035510142125, 5.6471036493162412, 5.647103747618349, 5.6471038459205252, 5.6471039442227937]
