Loading cqt and beats... 
Perform sync
Perform loadInterval2Frame
[[array([], dtype=float64), 'Silence'], [array([ 0, 18]), 'I'], [array([18, 50]), 'V'], [array([50, 81]), 'V'], [array([ 81, 113]), 'C'], [array([113, 130]), 'T'], [array([130, 161]), 'V'], [array([161, 193]), 'C'], [array([193, 242]), "T'"], [array([242, 274]), 'C'], [array([274, 321]), 'O'], [array([], dtype=float64), 'Silence']]
[[array([ 0, 18]), 'I'], [array([18, 50]), 'V'], [array([50, 81]), 'V'], [array([ 81, 113]), 'C'], [array([113, 130]), 'T'], [array([130, 161]), 'V'], [array([161, 193]), 'C'], [array([193, 242]), "T'"], [array([242, 274]), 'C'], [array([274, 321]), 'O']]
sigmas
[[ 557.17534848  485.43773341   97.53718116 ...,  460.93988564
   201.00835964  572.21143749]
 [ 485.43773341  158.69255122  111.05040747 ...,  504.3312756   715.42380287
   301.37813385]
 [  97.53718116  111.05040747  641.02142729 ...,  382.29908334
   278.64254914  339.31271648]
 ..., 
 [ 460.93988564  504.3312756   382.29908334 ...,  335.43338867
   389.62065445  639.54407431]
 [ 201.00835964  715.42380287  278.64254914 ...,  389.62065445  631.3415482
   283.59730669]
 [ 572.21143749  301.37813385  339.31271648 ...,  639.54407431
   283.59730669  740.67958638]]
gm.shape:  (322, 322)
[[  1.00000000e+00   1.79101218e-01   6.00695216e-83 ...,   2.29960691e-03
    1.16572221e-18   9.96262769e-01]
 [  1.79101218e-01   1.00000000e+00   2.27277537e-48 ...,   7.16033051e-02
    1.26180846e-01   1.46967227e-02]
 [  6.00695216e-83   2.27277537e-48   1.00000000e+00 ...,   5.79124814e-06
    4.44073386e-14   2.07715404e-07]
 ..., 
 [  2.29960691e-03   7.16033051e-02   5.79124814e-06 ...,   1.00000000e+00
    4.03633178e-04   4.64410934e-02]
 [  1.16572221e-18   1.26180846e-01   4.44073386e-14 ...,   4.03633178e-04
    1.00000000e+00   1.33514044e-09]
 [  9.96262769e-01   1.46967227e-02   2.07715404e-07 ...,   4.64410934e-02
    1.33514044e-09   1.00000000e+00]]
L_true
[[ 1.         -0.05555556 -0.05555556 ..., -0.         -0.         -0.        ]
 [-0.05555556  1.         -0.05555556 ..., -0.         -0.         -0.        ]
 [-0.05555556 -0.05555556  1.         ..., -0.         -0.         -0.        ]
 ..., 
 [-0.         -0.         -0.         ...,  1.         -0.0212766
  -0.0212766 ]
 [-0.         -0.         -0.         ..., -0.0212766   1.         -0.0212766 ]
 [-0.         -0.         -0.         ..., -0.0212766  -0.0212766   1.        ]]
gm.shape, m_true.shape:  (322, 322) (322, 322)
gm is symmetric:  True
m_true is symmetric:  True
errors:  30.2102850741
