Loading cqt and beats... 
Perform sync
Perform loadInterval2Frame
[[array([], dtype=float64), 'Silence'], [array([ 0, 18]), 'I'], [array([18, 50]), 'V'], [array([50, 81]), 'V'], [array([ 81, 113]), 'C'], [array([113, 130]), 'T'], [array([130, 161]), 'V'], [array([161, 193]), 'C'], [array([193, 242]), "T'"], [array([242, 274]), 'C'], [array([274, 321]), 'O'], [array([], dtype=float64), 'Silence']]
[[array([ 0, 18]), 'I'], [array([18, 50]), 'V'], [array([50, 81]), 'V'], [array([ 81, 113]), 'C'], [array([113, 130]), 'T'], [array([130, 161]), 'V'], [array([161, 193]), 'C'], [array([193, 242]), "T'"], [array([242, 274]), 'C'], [array([274, 321]), 'O']]
sigmas
[[  835.76302272   728.15660011   146.30577175 ...,   691.40982847
    301.51253946   858.31715624]
 [  728.15660011   238.03882683   166.5756112  ...,   756.4969134
   1073.1357043    452.06720078]
 [  146.30577175   166.5756112    961.53214094 ...,   573.448625
    417.96382371   508.96907472]
 ..., 
 [  691.40982847   756.4969134    573.448625   ...,   503.15008301
    584.43098167   959.31611146]
 [  301.51253946  1073.1357043    417.96382371 ...,   584.43098167
    947.01232229   425.39596003]
 [  858.31715624   452.06720078   508.96907472 ...,   959.31611146
    425.39596003  1111.01937957]]
gm.shape:  (322, 322)
[[  1.00000000e+00   4.65633047e-01   2.86536289e-37 ...,   6.72050026e-02
    1.07052745e-08   9.98337281e-01]
 [  4.65633047e-01   1.00000000e+00   6.68553595e-22 ...,   3.09799965e-01
    3.98512114e-01   1.53260887e-01]
 [  2.86536289e-37   6.68553595e-22   1.00000000e+00 ...,   4.70265575e-03
    1.16288145e-06   1.07148499e-03]
 ..., 
 [  6.72050026e-02   3.09799965e-01   4.70265575e-03 ...,   1.00000000e+00
    3.10134238e-02   2.55571366e-01]
 [  1.07052745e-08   3.98512114e-01   1.16288145e-06 ...,   3.10134238e-02
    1.00000000e+00   1.13707669e-04]
 [  9.98337281e-01   1.53260887e-01   1.07148499e-03 ...,   2.55571366e-01
    1.13707669e-04   1.00000000e+00]]
L_true
[[ 1.         -0.05555556 -0.05555556 ..., -0.         -0.         -0.        ]
 [-0.05555556  1.         -0.05555556 ..., -0.         -0.         -0.        ]
 [-0.05555556 -0.05555556  1.         ..., -0.         -0.         -0.        ]
 ..., 
 [-0.         -0.         -0.         ...,  1.         -0.0212766
  -0.0212766 ]
 [-0.         -0.         -0.         ..., -0.0212766   1.         -0.0212766 ]
 [-0.         -0.         -0.         ..., -0.0212766  -0.0212766   1.        ]]
gm.shape, m_true.shape:  (322, 322) (322, 322)
gm is symmetric:  True
m_true is symmetric:  True
errors:  10.3550810777
sigmas:
[[  835.76302272   728.15660153   146.30577175 ...,   691.40982761
    301.51253946   858.3173246 ]
 [  728.15660153   238.03882683   166.5756112  ...,   756.49691584
   1073.13572223   452.06719252]
 [  146.30577175   166.5756112    961.53214094 ...,   573.448625
    417.96382371   508.96907472]
 ..., 
 [  691.40982761   756.49691584   573.448625   ...,   503.15008301
    584.43098293   959.31611338]
 [  301.51253946  1073.13572223   417.96382371 ...,   584.43098293
    947.01232229   425.39596006]
 [  858.3173246    452.06719252   508.96907472 ...,   959.31611338
    425.39596006  1111.01937957]]
saving sigmas to:  ./sigmas/modelReal_singleUpdateII_Alpha1000_1200/modelReal_singleUpdateII_Alpha1000_1200_step0.npy
gm
[[  1.00000000e+00   4.65633049e-01   2.86536289e-37 ...,   6.72050021e-02
    1.07052745e-08   9.98337281e-01]
 [  4.65633049e-01   1.00000000e+00   6.68553595e-22 ...,   3.09799967e-01
    3.98512126e-01   1.53260876e-01]
 [  2.86536289e-37   6.68553595e-22   1.00000000e+00 ...,   4.70265575e-03
    1.16288145e-06   1.07148499e-03]
 ..., 
 [  6.72050021e-02   3.09799967e-01   4.70265575e-03 ...,   1.00000000e+00
    3.10134243e-02   2.55571367e-01]
 [  1.07052745e-08   3.98512126e-01   1.16288145e-06 ...,   3.10134243e-02
    1.00000000e+00   1.13707669e-04]
 [  9.98337281e-01   1.53260876e-01   1.07148499e-03 ...,   2.55571367e-01
    1.13707669e-04   1.00000000e+00]]
epoch:  0  errors:  10.3550824502
sigmas:
[[  835.76302272   728.15660295   146.30577175 ...,   691.40982675
    301.51253946   858.31749297]
 [  728.15660295   238.03882683   166.5756112  ...,   756.49691828
   1073.13574017   452.06718425]
 [  146.30577175   166.5756112    961.53214094 ...,   573.44862499
    417.96382371   508.96907472]
 ..., 
 [  691.40982675   756.49691828   573.44862499 ...,   503.15008301
    584.43098419   959.31611529]
 [  301.51253946  1073.13574017   417.96382371 ...,   584.43098419
    947.01232229   425.39596008]
 [  858.31749297   452.06718425   508.96907472 ...,   959.31611529
    425.39596008  1111.01937957]]
saving sigmas to:  ./sigmas/modelReal_singleUpdateII_Alpha1000_1200/modelReal_singleUpdateII_Alpha1000_1200_step1.npy
gm
[[  1.00000000e+00   4.65633050e-01   2.86536289e-37 ...,   6.72050017e-02
    1.07052745e-08   9.98337282e-01]
 [  4.65633050e-01   1.00000000e+00   6.68553595e-22 ...,   3.09799970e-01
    3.98512138e-01   1.53260866e-01]
 [  2.86536289e-37   6.68553595e-22   1.00000000e+00 ...,   4.70265575e-03
    1.16288145e-06   1.07148499e-03]
 ..., 
 [  6.72050017e-02   3.09799970e-01   4.70265575e-03 ...,   1.00000000e+00
    3.10134248e-02   2.55571369e-01]
 [  1.07052745e-08   3.98512138e-01   1.16288145e-06 ...,   3.10134248e-02
    1.00000000e+00   1.13707669e-04]
 [  9.98337282e-01   1.53260866e-01   1.07148499e-03 ...,   2.55571369e-01
    1.13707669e-04   1.00000000e+00]]
epoch:  1  errors:  10.3550838226
sigmas:
[[  835.76302272   728.15660437   146.30577175 ...,   691.4098259
    301.51253946   858.31766134]
 [  728.15660437   238.03882683   166.5756112  ...,   756.49692071
   1073.1357581    452.06717599]
 [  146.30577175   166.5756112    961.53214094 ...,   573.44862498
    417.96382371   508.96907472]
 ..., 
 [  691.4098259    756.49692071   573.44862498 ...,   503.15008301
    584.43098544   959.31611721]
 [  301.51253946  1073.1357581    417.96382371 ...,   584.43098544
    947.01232229   425.39596011]
 [  858.31766134   452.06717599   508.96907472 ...,   959.31611721
    425.39596011  1111.01937957]]
saving sigmas to:  ./sigmas/modelReal_singleUpdateII_Alpha1000_1200/modelReal_singleUpdateII_Alpha1000_1200_step2.npy
gm
[[  1.00000000e+00   4.65633051e-01   2.86536289e-37 ...,   6.72050012e-02
    1.07052745e-08   9.98337283e-01]
 [  4.65633051e-01   1.00000000e+00   6.68553595e-22 ...,   3.09799972e-01
    3.98512150e-01   1.53260855e-01]
 [  2.86536289e-37   6.68553595e-22   1.00000000e+00 ...,   4.70265575e-03
    1.16288145e-06   1.07148499e-03]
 ..., 
 [  6.72050012e-02   3.09799972e-01   4.70265575e-03 ...,   1.00000000e+00
    3.10134252e-02   2.55571370e-01]
 [  1.07052745e-08   3.98512150e-01   1.16288145e-06 ...,   3.10134252e-02
    1.00000000e+00   1.13707669e-04]
 [  9.98337283e-01   1.53260855e-01   1.07148499e-03 ...,   2.55571370e-01
    1.13707669e-04   1.00000000e+00]]
epoch:  2  errors:  10.355085195
sigmas:
[[  835.76302272   728.15660579   146.30577175 ...,   691.40982504
    301.51253946   858.31782971]
 [  728.15660579   238.03882683   166.5756112  ...,   756.49692315
   1073.13577603   452.06716773]
 [  146.30577175   166.5756112    961.53214094 ...,   573.44862497
    417.96382371   508.96907472]
 ..., 
 [  691.40982504   756.49692315   573.44862497 ...,   503.15008301
    584.4309867    959.31611912]
 [  301.51253946  1073.13577603   417.96382371 ...,   584.4309867
    947.01232229   425.39596013]
 [  858.31782971   452.06716773   508.96907472 ...,   959.31611912
    425.39596013  1111.01937957]]
saving sigmas to:  ./sigmas/modelReal_singleUpdateII_Alpha1000_1200/modelReal_singleUpdateII_Alpha1000_1200_step3.npy
gm
[[  1.00000000e+00   4.65633053e-01   2.86536289e-37 ...,   6.72050008e-02
    1.07052745e-08   9.98337283e-01]
 [  4.65633053e-01   1.00000000e+00   6.68553595e-22 ...,   3.09799974e-01
    3.98512163e-01   1.53260845e-01]
 [  2.86536289e-37   6.68553595e-22   1.00000000e+00 ...,   4.70265575e-03
    1.16288145e-06   1.07148499e-03]
 ..., 
 [  6.72050008e-02   3.09799974e-01   4.70265575e-03 ...,   1.00000000e+00
    3.10134257e-02   2.55571371e-01]
 [  1.07052745e-08   3.98512163e-01   1.16288145e-06 ...,   3.10134257e-02
    1.00000000e+00   1.13707669e-04]
 [  9.98337283e-01   1.53260845e-01   1.07148499e-03 ...,   2.55571371e-01
    1.13707669e-04   1.00000000e+00]]
epoch:  3  errors:  10.3550865674
sigmas:
[[  835.76302272   728.15660722   146.30577175 ...,   691.40982418
    301.51253946   858.31799808]
 [  728.15660722   238.03882683   166.5756112  ...,   756.49692559
   1073.13579397   452.06715946]
 [  146.30577175   166.5756112    961.53214094 ...,   573.44862496
    417.96382371   508.96907472]
 ..., 
 [  691.40982418   756.49692559   573.44862496 ...,   503.15008301
    584.43098796   959.31612104]
 [  301.51253946  1073.13579397   417.96382371 ...,   584.43098796
    947.01232229   425.39596015]
 [  858.31799808   452.06715946   508.96907472 ...,   959.31612104
    425.39596015  1111.01937957]]
saving sigmas to:  ./sigmas/modelReal_singleUpdateII_Alpha1000_1200/modelReal_singleUpdateII_Alpha1000_1200_step4.npy
gm
[[  1.00000000e+00   4.65633054e-01   2.86536289e-37 ...,   6.72050003e-02
    1.07052745e-08   9.98337284e-01]
 [  4.65633054e-01   1.00000000e+00   6.68553595e-22 ...,   3.09799977e-01
    3.98512175e-01   1.53260834e-01]
 [  2.86536289e-37   6.68553595e-22   1.00000000e+00 ...,   4.70265575e-03
    1.16288145e-06   1.07148499e-03]
 ..., 
 [  6.72050003e-02   3.09799977e-01   4.70265575e-03 ...,   1.00000000e+00
    3.10134262e-02   2.55571373e-01]
 [  1.07052745e-08   3.98512175e-01   1.16288145e-06 ...,   3.10134262e-02
    1.00000000e+00   1.13707669e-04]
 [  9.98337284e-01   1.53260834e-01   1.07148499e-03 ...,   2.55571373e-01
    1.13707669e-04   1.00000000e+00]]
epoch:  4  errors:  10.3550879399
sigmas:
[[  835.76302272   728.15660864   146.30577175 ...,   691.40982332
    301.51253946   858.31816644]
 [  728.15660864   238.03882683   166.5756112  ...,   756.49692802
   1073.1358119    452.0671512 ]
 [  146.30577175   166.5756112    961.53214094 ...,   573.44862495
    417.96382371   508.96907472]
 ..., 
 [  691.40982332   756.49692802   573.44862495 ...,   503.15008301
    584.43098922   959.31612295]
 [  301.51253946  1073.1358119    417.96382371 ...,   584.43098922
    947.01232229   425.39596018]
 [  858.31816644   452.0671512    508.96907472 ...,   959.31612295
    425.39596018  1111.01937957]]
saving sigmas to:  ./sigmas/modelReal_singleUpdateII_Alpha1000_1200/modelReal_singleUpdateII_Alpha1000_1200_step5.npy
gm
[[  1.00000000e+00   4.65633056e-01   2.86536289e-37 ...,   6.72049999e-02
    1.07052745e-08   9.98337285e-01]
 [  4.65633056e-01   1.00000000e+00   6.68553595e-22 ...,   3.09799979e-01
    3.98512187e-01   1.53260824e-01]
 [  2.86536289e-37   6.68553595e-22   1.00000000e+00 ...,   4.70265575e-03
    1.16288145e-06   1.07148499e-03]
 ..., 
 [  6.72049999e-02   3.09799979e-01   4.70265575e-03 ...,   1.00000000e+00
    3.10134266e-02   2.55571374e-01]
 [  1.07052745e-08   3.98512187e-01   1.16288145e-06 ...,   3.10134266e-02
    1.00000000e+00   1.13707669e-04]
 [  9.98337285e-01   1.53260824e-01   1.07148499e-03 ...,   2.55571374e-01
    1.13707669e-04   1.00000000e+00]]
epoch:  5  errors:  10.3550893123
sigmas:
[[  835.76302272   728.15661006   146.30577175 ...,   691.40982247
    301.51253946   858.31833481]
 [  728.15661006   238.03882683   166.5756112  ...,   756.49693046
   1073.13582983   452.06714293]
 [  146.30577175   166.5756112    961.53214094 ...,   573.44862494
    417.96382371   508.96907472]
 ..., 
 [  691.40982247   756.49693046   573.44862494 ...,   503.15008301
    584.43099047   959.31612487]
 [  301.51253946  1073.13582983   417.96382371 ...,   584.43099047
    947.01232229   425.3959602 ]
 [  858.31833481   452.06714293   508.96907472 ...,   959.31612487
    425.3959602   1111.01937957]]
saving sigmas to:  ./sigmas/modelReal_singleUpdateII_Alpha1000_1200/modelReal_singleUpdateII_Alpha1000_1200_step6.npy
gm
[[  1.00000000e+00   4.65633057e-01   2.86536289e-37 ...,   6.72049994e-02
    1.07052745e-08   9.98337285e-01]
 [  4.65633057e-01   1.00000000e+00   6.68553595e-22 ...,   3.09799981e-01
    3.98512199e-01   1.53260813e-01]
 [  2.86536289e-37   6.68553595e-22   1.00000000e+00 ...,   4.70265575e-03
    1.16288145e-06   1.07148499e-03]
 ..., 
 [  6.72049994e-02   3.09799981e-01   4.70265575e-03 ...,   1.00000000e+00
    3.10134271e-02   2.55571376e-01]
 [  1.07052745e-08   3.98512199e-01   1.16288145e-06 ...,   3.10134271e-02
    1.00000000e+00   1.13707669e-04]
 [  9.98337285e-01   1.53260813e-01   1.07148499e-03 ...,   2.55571376e-01
    1.13707669e-04   1.00000000e+00]]
epoch:  6  errors:  10.3550906847
sigmas:
[[  835.76302272   728.15661148   146.30577175 ...,   691.40982161
    301.51253946   858.31850318]
 [  728.15661148   238.03882683   166.5756112  ...,   756.4969329
   1073.13584777   452.06713467]
 [  146.30577175   166.5756112    961.53214094 ...,   573.44862494
    417.96382371   508.96907472]
 ..., 
 [  691.40982161   756.4969329    573.44862494 ...,   503.15008301
    584.43099173   959.31612678]
 [  301.51253946  1073.13584777   417.96382371 ...,   584.43099173
    947.01232229   425.39596023]
 [  858.31850318   452.06713467   508.96907472 ...,   959.31612678
    425.39596023  1111.01937957]]
saving sigmas to:  ./sigmas/modelReal_singleUpdateII_Alpha1000_1200/modelReal_singleUpdateII_Alpha1000_1200_step7.npy
gm
[[  1.00000000e+00   4.65633058e-01   2.86536289e-37 ...,   6.72049990e-02
    1.07052745e-08   9.98337286e-01]
 [  4.65633058e-01   1.00000000e+00   6.68553595e-22 ...,   3.09799984e-01
    3.98512212e-01   1.53260802e-01]
 [  2.86536289e-37   6.68553595e-22   1.00000000e+00 ...,   4.70265575e-03
    1.16288145e-06   1.07148499e-03]
 ..., 
 [  6.72049990e-02   3.09799984e-01   4.70265575e-03 ...,   1.00000000e+00
    3.10134276e-02   2.55571377e-01]
 [  1.07052745e-08   3.98512212e-01   1.16288145e-06 ...,   3.10134276e-02
    1.00000000e+00   1.13707670e-04]
 [  9.98337286e-01   1.53260802e-01   1.07148499e-03 ...,   2.55571377e-01
    1.13707670e-04   1.00000000e+00]]
epoch:  7  errors:  10.3550920572
sigmas:
[[  835.76302272   728.1566129    146.30577175 ...,   691.40982075
    301.51253946   858.31867155]
 [  728.1566129    238.03882683   166.5756112  ...,   756.49693533
   1073.1358657    452.06712641]
 [  146.30577175   166.5756112    961.53214094 ...,   573.44862493
    417.96382371   508.96907472]
 ..., 
 [  691.40982075   756.49693533   573.44862493 ...,   503.15008301
    584.43099299   959.3161287 ]
 [  301.51253946  1073.1358657    417.96382371 ...,   584.43099299
    947.01232229   425.39596025]
 [  858.31867155   452.06712641   508.96907472 ...,   959.3161287
    425.39596025  1111.01937957]]
saving sigmas to:  ./sigmas/modelReal_singleUpdateII_Alpha1000_1200/modelReal_singleUpdateII_Alpha1000_1200_step8.npy
gm
[[  1.00000000e+00   4.65633060e-01   2.86536289e-37 ...,   6.72049985e-02
    1.07052745e-08   9.98337286e-01]
 [  4.65633060e-01   1.00000000e+00   6.68553595e-22 ...,   3.09799986e-01
    3.98512224e-01   1.53260792e-01]
 [  2.86536289e-37   6.68553595e-22   1.00000000e+00 ...,   4.70265575e-03
    1.16288145e-06   1.07148499e-03]
 ..., 
 [  6.72049985e-02   3.09799986e-01   4.70265575e-03 ...,   1.00000000e+00
    3.10134280e-02   2.55571378e-01]
 [  1.07052745e-08   3.98512224e-01   1.16288145e-06 ...,   3.10134280e-02
    1.00000000e+00   1.13707670e-04]
 [  9.98337286e-01   1.53260792e-01   1.07148499e-03 ...,   2.55571378e-01
    1.13707670e-04   1.00000000e+00]]
epoch:  8  errors:  10.3550934296
sigmas:
[[  835.76302272   728.15661432   146.30577175 ...,   691.40981989
    301.51253946   858.31883992]
 [  728.15661432   238.03882683   166.5756112  ...,   756.49693777
   1073.13588363   452.06711814]
 [  146.30577175   166.5756112    961.53214094 ...,   573.44862492
    417.96382371   508.96907472]
 ..., 
 [  691.40981989   756.49693777   573.44862492 ...,   503.15008301
    584.43099425   959.31613061]
 [  301.51253946  1073.13588363   417.96382371 ...,   584.43099425
    947.01232229   425.39596027]
 [  858.31883992   452.06711814   508.96907472 ...,   959.31613061
    425.39596027  1111.01937957]]
saving sigmas to:  ./sigmas/modelReal_singleUpdateII_Alpha1000_1200/modelReal_singleUpdateII_Alpha1000_1200_step9.npy
gm
[[  1.00000000e+00   4.65633061e-01   2.86536289e-37 ...,   6.72049981e-02
    1.07052745e-08   9.98337287e-01]
 [  4.65633061e-01   1.00000000e+00   6.68553595e-22 ...,   3.09799988e-01
    3.98512236e-01   1.53260781e-01]
 [  2.86536289e-37   6.68553595e-22   1.00000000e+00 ...,   4.70265574e-03
    1.16288145e-06   1.07148499e-03]
 ..., 
 [  6.72049981e-02   3.09799988e-01   4.70265574e-03 ...,   1.00000000e+00
    3.10134285e-02   2.55571380e-01]
 [  1.07052745e-08   3.98512236e-01   1.16288145e-06 ...,   3.10134285e-02
    1.00000000e+00   1.13707670e-04]
 [  9.98337287e-01   1.53260781e-01   1.07148499e-03 ...,   2.55571380e-01
    1.13707670e-04   1.00000000e+00]]
epoch:  9  errors:  10.3550948021
sigmas:
[[  835.76302272   728.15661575   146.30577175 ...,   691.40981904
    301.51253946   858.31900828]
 [  728.15661575   238.03882683   166.5756112  ...,   756.49694021
   1073.13590157   452.06710988]
 [  146.30577175   166.5756112    961.53214094 ...,   573.44862491
    417.96382371   508.96907472]
 ..., 
 [  691.40981904   756.49694021   573.44862491 ...,   503.15008301
    584.43099551   959.31613253]
 [  301.51253946  1073.13590157   417.96382371 ...,   584.43099551
    947.01232229   425.3959603 ]
 [  858.31900828   452.06710988   508.96907472 ...,   959.31613253
    425.3959603   1111.01937957]]
saving sigmas to:  ./sigmas/modelReal_singleUpdateII_Alpha1000_1200/modelReal_singleUpdateII_Alpha1000_1200_step10.npy
gm
[[  1.00000000e+00   4.65633062e-01   2.86536289e-37 ...,   6.72049976e-02
    1.07052745e-08   9.98337288e-01]
 [  4.65633062e-01   1.00000000e+00   6.68553595e-22 ...,   3.09799991e-01
    3.98512248e-01   1.53260771e-01]
 [  2.86536289e-37   6.68553595e-22   1.00000000e+00 ...,   4.70265574e-03
    1.16288145e-06   1.07148499e-03]
 ..., 
 [  6.72049976e-02   3.09799991e-01   4.70265574e-03 ...,   1.00000000e+00
    3.10134289e-02   2.55571381e-01]
 [  1.07052745e-08   3.98512248e-01   1.16288145e-06 ...,   3.10134289e-02
    1.00000000e+00   1.13707670e-04]
 [  9.98337288e-01   1.53260771e-01   1.07148499e-03 ...,   2.55571381e-01
    1.13707670e-04   1.00000000e+00]]
epoch:  10  errors:  10.3550961746
sigmas:
[[  835.76302272   728.15661717   146.30577175 ...,   691.40981818
    301.51253946   858.31917665]
 [  728.15661717   238.03882683   166.5756112  ...,   756.49694264
   1073.1359195    452.06710162]
 [  146.30577175   166.5756112    961.53214094 ...,   573.4486249
    417.96382371   508.96907472]
 ..., 
 [  691.40981818   756.49694264   573.4486249  ...,   503.15008301
    584.43099676   959.31613444]
 [  301.51253946  1073.1359195    417.96382371 ...,   584.43099676
    947.01232229   425.39596032]
 [  858.31917665   452.06710162   508.96907472 ...,   959.31613444
    425.39596032  1111.01937957]]
saving sigmas to:  ./sigmas/modelReal_singleUpdateII_Alpha1000_1200/modelReal_singleUpdateII_Alpha1000_1200_step11.npy
gm
[[  1.00000000e+00   4.65633064e-01   2.86536289e-37 ...,   6.72049972e-02
    1.07052745e-08   9.98337288e-01]
 [  4.65633064e-01   1.00000000e+00   6.68553595e-22 ...,   3.09799993e-01
    3.98512261e-01   1.53260760e-01]
 [  2.86536289e-37   6.68553595e-22   1.00000000e+00 ...,   4.70265574e-03
    1.16288145e-06   1.07148499e-03]
 ..., 
 [  6.72049972e-02   3.09799993e-01   4.70265574e-03 ...,   1.00000000e+00
    3.10134294e-02   2.55571383e-01]
 [  1.07052745e-08   3.98512261e-01   1.16288145e-06 ...,   3.10134294e-02
    1.00000000e+00   1.13707670e-04]
 [  9.98337288e-01   1.53260760e-01   1.07148499e-03 ...,   2.55571383e-01
    1.13707670e-04   1.00000000e+00]]
epoch:  11  errors:  10.355097547
sigmas:
[[  835.76302272   728.15661859   146.30577175 ...,   691.40981732
    301.51253946   858.31934502]
 [  728.15661859   238.03882683   166.5756112  ...,   756.49694508
   1073.13593743   452.06709335]
 [  146.30577175   166.5756112    961.53214094 ...,   573.44862489
    417.96382371   508.96907472]
 ..., 
 [  691.40981732   756.49694508   573.44862489 ...,   503.15008301
    584.43099802   959.31613636]
 [  301.51253946  1073.13593743   417.96382371 ...,   584.43099802
    947.01232229   425.39596035]
 [  858.31934502   452.06709335   508.96907472 ...,   959.31613636
    425.39596035  1111.01937957]]
saving sigmas to:  ./sigmas/modelReal_singleUpdateII_Alpha1000_1200/modelReal_singleUpdateII_Alpha1000_1200_step12.npy
gm
[[  1.00000000e+00   4.65633065e-01   2.86536289e-37 ...,   6.72049967e-02
    1.07052745e-08   9.98337289e-01]
 [  4.65633065e-01   1.00000000e+00   6.68553595e-22 ...,   3.09799995e-01
    3.98512273e-01   1.53260750e-01]
 [  2.86536289e-37   6.68553595e-22   1.00000000e+00 ...,   4.70265574e-03
    1.16288145e-06   1.07148499e-03]
 ..., 
 [  6.72049967e-02   3.09799995e-01   4.70265574e-03 ...,   1.00000000e+00
    3.10134299e-02   2.55571384e-01]
 [  1.07052745e-08   3.98512273e-01   1.16288145e-06 ...,   3.10134299e-02
    1.00000000e+00   1.13707670e-04]
 [  9.98337289e-01   1.53260750e-01   1.07148499e-03 ...,   2.55571384e-01
    1.13707670e-04   1.00000000e+00]]
epoch:  12  errors:  10.3550989195
sigmas:
[[  835.76302272   728.15662001   146.30577175 ...,   691.40981647
    301.51253946   858.31951339]
 [  728.15662001   238.03882683   166.5756112  ...,   756.49694752
   1073.13595537   452.06708509]
 [  146.30577175   166.5756112    961.53214094 ...,   573.44862489
    417.96382371   508.96907471]
 ..., 
 [  691.40981647   756.49694752   573.44862489 ...,   503.15008301
    584.43099928   959.31613827]
 [  301.51253946  1073.13595537   417.96382371 ...,   584.43099928
    947.01232229   425.39596037]
 [  858.31951339   452.06708509   508.96907471 ...,   959.31613827
    425.39596037  1111.01937957]]
saving sigmas to:  ./sigmas/modelReal_singleUpdateII_Alpha1000_1200/modelReal_singleUpdateII_Alpha1000_1200_step13.npy
gm
[[  1.00000000e+00   4.65633067e-01   2.86536289e-37 ...,   6.72049963e-02
    1.07052745e-08   9.98337290e-01]
 [  4.65633067e-01   1.00000000e+00   6.68553595e-22 ...,   3.09799998e-01
    3.98512285e-01   1.53260739e-01]
 [  2.86536289e-37   6.68553595e-22   1.00000000e+00 ...,   4.70265574e-03
    1.16288145e-06   1.07148499e-03]
 ..., 
 [  6.72049963e-02   3.09799998e-01   4.70265574e-03 ...,   1.00000000e+00
    3.10134303e-02   2.55571385e-01]
 [  1.07052745e-08   3.98512285e-01   1.16288145e-06 ...,   3.10134303e-02
    1.00000000e+00   1.13707670e-04]
 [  9.98337290e-01   1.53260739e-01   1.07148499e-03 ...,   2.55571385e-01
    1.13707670e-04   1.00000000e+00]]
epoch:  13  errors:  10.355100292
sigmas:
[[  835.76302272   728.15662143   146.30577175 ...,   691.40981561
    301.51253946   858.31968175]
 [  728.15662143   238.03882683   166.5756112  ...,   756.49694995
   1073.1359733    452.06707682]
 [  146.30577175   166.5756112    961.53214094 ...,   573.44862488
    417.96382371   508.96907471]
 ..., 
 [  691.40981561   756.49694995   573.44862488 ...,   503.15008301
    584.43100054   959.31614019]
 [  301.51253946  1073.1359733    417.96382371 ...,   584.43100054
    947.01232229   425.3959604 ]
 [  858.31968175   452.06707682   508.96907471 ...,   959.31614019
    425.3959604   1111.01937957]]
saving sigmas to:  ./sigmas/modelReal_singleUpdateII_Alpha1000_1200/modelReal_singleUpdateII_Alpha1000_1200_step14.npy
gm
[[  1.00000000e+00   4.65633068e-01   2.86536289e-37 ...,   6.72049958e-02
    1.07052745e-08   9.98337290e-01]
 [  4.65633068e-01   1.00000000e+00   6.68553595e-22 ...,   3.09800000e-01
    3.98512297e-01   1.53260729e-01]
 [  2.86536289e-37   6.68553595e-22   1.00000000e+00 ...,   4.70265574e-03
    1.16288145e-06   1.07148499e-03]
 ..., 
 [  6.72049958e-02   3.09800000e-01   4.70265574e-03 ...,   1.00000000e+00
    3.10134308e-02   2.55571387e-01]
 [  1.07052745e-08   3.98512297e-01   1.16288145e-06 ...,   3.10134308e-02
    1.00000000e+00   1.13707670e-04]
 [  9.98337290e-01   1.53260729e-01   1.07148499e-03 ...,   2.55571387e-01
    1.13707670e-04   1.00000000e+00]]
epoch:  14  errors:  10.3551016645
sigmas:
[[  835.76302272   728.15662285   146.30577175 ...,   691.40981475
    301.51253946   858.31985012]
 [  728.15662285   238.03882683   166.5756112  ...,   756.49695239
   1073.13599123   452.06706856]
 [  146.30577175   166.5756112    961.53214094 ...,   573.44862487
    417.96382371   508.96907471]
 ..., 
 [  691.40981475   756.49695239   573.44862487 ...,   503.15008301
    584.43100179   959.3161421 ]
 [  301.51253946  1073.13599123   417.96382371 ...,   584.43100179
    947.01232229   425.39596042]
 [  858.31985012   452.06706856   508.96907471 ...,   959.3161421
    425.39596042  1111.01937957]]
saving sigmas to:  ./sigmas/modelReal_singleUpdateII_Alpha1000_1200/modelReal_singleUpdateII_Alpha1000_1200_step15.npy
gm
[[  1.00000000e+00   4.65633069e-01   2.86536289e-37 ...,   6.72049954e-02
    1.07052745e-08   9.98337291e-01]
 [  4.65633069e-01   1.00000000e+00   6.68553595e-22 ...,   3.09800002e-01
    3.98512310e-01   1.53260718e-01]
 [  2.86536289e-37   6.68553595e-22   1.00000000e+00 ...,   4.70265574e-03
    1.16288145e-06   1.07148499e-03]
 ..., 
 [  6.72049954e-02   3.09800002e-01   4.70265574e-03 ...,   1.00000000e+00
    3.10134313e-02   2.55571388e-01]
 [  1.07052745e-08   3.98512310e-01   1.16288145e-06 ...,   3.10134313e-02
    1.00000000e+00   1.13707670e-04]
 [  9.98337291e-01   1.53260718e-01   1.07148499e-03 ...,   2.55571388e-01
    1.13707670e-04   1.00000000e+00]]
epoch:  15  errors:  10.3551030369
sigmas:
[[  835.76302272   728.15662428   146.30577175 ...,   691.40981389
    301.51253946   858.32001849]
 [  728.15662428   238.03882683   166.5756112  ...,   756.49695483
   1073.13600917   452.0670603 ]
 [  146.30577175   166.5756112    961.53214094 ...,   573.44862486
    417.96382371   508.96907471]
 ..., 
 [  691.40981389   756.49695483   573.44862486 ...,   503.15008301
    584.43100305   959.31614402]
 [  301.51253946  1073.13600917   417.96382371 ...,   584.43100305
    947.01232229   425.39596044]
 [  858.32001849   452.0670603    508.96907471 ...,   959.31614402
    425.39596044  1111.01937957]]
saving sigmas to:  ./sigmas/modelReal_singleUpdateII_Alpha1000_1200/modelReal_singleUpdateII_Alpha1000_1200_step16.npy
gm
[[  1.00000000e+00   4.65633071e-01   2.86536289e-37 ...,   6.72049949e-02
    1.07052745e-08   9.98337292e-01]
 [  4.65633071e-01   1.00000000e+00   6.68553595e-22 ...,   3.09800005e-01
    3.98512322e-01   1.53260708e-01]
 [  2.86536289e-37   6.68553595e-22   1.00000000e+00 ...,   4.70265574e-03
    1.16288145e-06   1.07148499e-03]
 ..., 
 [  6.72049949e-02   3.09800005e-01   4.70265574e-03 ...,   1.00000000e+00
    3.10134317e-02   2.55571390e-01]
 [  1.07052745e-08   3.98512322e-01   1.16288145e-06 ...,   3.10134317e-02
    1.00000000e+00   1.13707671e-04]
 [  9.98337292e-01   1.53260708e-01   1.07148499e-03 ...,   2.55571390e-01
    1.13707671e-04   1.00000000e+00]]
epoch:  16  errors:  10.3551044094
sigmas:
[[  835.76302272   728.1566257    146.30577175 ...,   691.40981304
    301.51253946   858.32018686]
 [  728.1566257    238.03882683   166.5756112  ...,   756.49695726
   1073.1360271    452.06705203]
 [  146.30577175   166.5756112    961.53214094 ...,   573.44862485
    417.96382371   508.96907471]
 ..., 
 [  691.40981304   756.49695726   573.44862485 ...,   503.15008301
    584.43100431   959.31614593]
 [  301.51253946  1073.1360271    417.96382371 ...,   584.43100431
    947.01232229   425.39596047]
 [  858.32018686   452.06705203   508.96907471 ...,   959.31614593
    425.39596047  1111.01937957]]
saving sigmas to:  ./sigmas/modelReal_singleUpdateII_Alpha1000_1200/modelReal_singleUpdateII_Alpha1000_1200_step17.npy
gm
[[  1.00000000e+00   4.65633072e-01   2.86536289e-37 ...,   6.72049945e-02
    1.07052745e-08   9.98337292e-01]
 [  4.65633072e-01   1.00000000e+00   6.68553595e-22 ...,   3.09800007e-01
    3.98512334e-01   1.53260697e-01]
 [  2.86536289e-37   6.68553595e-22   1.00000000e+00 ...,   4.70265574e-03
    1.16288145e-06   1.07148499e-03]
 ..., 
 [  6.72049945e-02   3.09800007e-01   4.70265574e-03 ...,   1.00000000e+00
    3.10134322e-02   2.55571391e-01]
 [  1.07052745e-08   3.98512334e-01   1.16288145e-06 ...,   3.10134322e-02
    1.00000000e+00   1.13707671e-04]
 [  9.98337292e-01   1.53260697e-01   1.07148499e-03 ...,   2.55571391e-01
    1.13707671e-04   1.00000000e+00]]
epoch:  17  errors:  10.3551057819
sigmas:
[[  835.76302272   728.15662712   146.30577175 ...,   691.40981218
    301.51253946   858.32035523]
 [  728.15662712   238.03882683   166.5756112  ...,   756.4969597
   1073.13604503   452.06704377]
 [  146.30577175   166.5756112    961.53214094 ...,   573.44862484
    417.96382371   508.96907471]
 ..., 
 [  691.40981218   756.4969597    573.44862484 ...,   503.15008301
    584.43100557   959.31614785]
 [  301.51253946  1073.13604503   417.96382371 ...,   584.43100557
    947.01232229   425.39596049]
 [  858.32035523   452.06704377   508.96907471 ...,   959.31614785
    425.39596049  1111.01937957]]
saving sigmas to:  ./sigmas/modelReal_singleUpdateII_Alpha1000_1200/modelReal_singleUpdateII_Alpha1000_1200_step18.npy
gm
[[  1.00000000e+00   4.65633074e-01   2.86536289e-37 ...,   6.72049940e-02
    1.07052745e-08   9.98337293e-01]
 [  4.65633074e-01   1.00000000e+00   6.68553595e-22 ...,   3.09800009e-01
    3.98512347e-01   1.53260687e-01]
 [  2.86536289e-37   6.68553595e-22   1.00000000e+00 ...,   4.70265574e-03
    1.16288145e-06   1.07148499e-03]
 ..., 
 [  6.72049940e-02   3.09800009e-01   4.70265574e-03 ...,   1.00000000e+00
    3.10134327e-02   2.55571392e-01]
 [  1.07052745e-08   3.98512347e-01   1.16288145e-06 ...,   3.10134327e-02
    1.00000000e+00   1.13707671e-04]
 [  9.98337293e-01   1.53260687e-01   1.07148499e-03 ...,   2.55571392e-01
    1.13707671e-04   1.00000000e+00]]
epoch:  18  errors:  10.3551071544
sigmas:
[[  835.76302272   728.15662854   146.30577175 ...,   691.40981132
    301.51253946   858.32052359]
 [  728.15662854   238.03882683   166.5756112  ...,   756.49696214
   1073.13606297   452.0670355 ]
 [  146.30577175   166.5756112    961.53214094 ...,   573.44862483
    417.96382371   508.96907471]
 ..., 
 [  691.40981132   756.49696214   573.44862483 ...,   503.15008301
    584.43100683   959.31614976]
 [  301.51253946  1073.13606297   417.96382371 ...,   584.43100683
    947.01232229   425.39596052]
 [  858.32052359   452.0670355    508.96907471 ...,   959.31614976
    425.39596052  1111.01937957]]
saving sigmas to:  ./sigmas/modelReal_singleUpdateII_Alpha1000_1200/modelReal_singleUpdateII_Alpha1000_1200_step19.npy
gm
[[  1.00000000e+00   4.65633075e-01   2.86536289e-37 ...,   6.72049936e-02
    1.07052745e-08   9.98337294e-01]
 [  4.65633075e-01   1.00000000e+00   6.68553595e-22 ...,   3.09800012e-01
    3.98512359e-01   1.53260676e-01]
 [  2.86536289e-37   6.68553595e-22   1.00000000e+00 ...,   4.70265574e-03
    1.16288145e-06   1.07148499e-03]
 ..., 
 [  6.72049936e-02   3.09800012e-01   4.70265574e-03 ...,   1.00000000e+00
    3.10134331e-02   2.55571394e-01]
 [  1.07052745e-08   3.98512359e-01   1.16288145e-06 ...,   3.10134331e-02
    1.00000000e+00   1.13707671e-04]
 [  9.98337294e-01   1.53260676e-01   1.07148499e-03 ...,   2.55571394e-01
    1.13707671e-04   1.00000000e+00]]
epoch:  19  errors:  10.3551085269
sigmas:
[[  835.76302272   728.15662996   146.30577175 ...,   691.40981046
    301.51253946   858.32069196]
 [  728.15662996   238.03882683   166.5756112  ...,   756.49696457
   1073.1360809    452.06702724]
 [  146.30577175   166.5756112    961.53214094 ...,   573.44862483
    417.96382371   508.96907471]
 ..., 
 [  691.40981046   756.49696457   573.44862483 ...,   503.15008301
    584.43100808   959.31615168]
 [  301.51253946  1073.1360809    417.96382371 ...,   584.43100808
    947.01232229   425.39596054]
 [  858.32069196   452.06702724   508.96907471 ...,   959.31615168
    425.39596054  1111.01937957]]
saving sigmas to:  ./sigmas/modelReal_singleUpdateII_Alpha1000_1200/modelReal_singleUpdateII_Alpha1000_1200_step20.npy
gm
[[  1.00000000e+00   4.65633076e-01   2.86536289e-37 ...,   6.72049931e-02
    1.07052745e-08   9.98337294e-01]
 [  4.65633076e-01   1.00000000e+00   6.68553595e-22 ...,   3.09800014e-01
    3.98512371e-01   1.53260666e-01]
 [  2.86536289e-37   6.68553595e-22   1.00000000e+00 ...,   4.70265574e-03
    1.16288145e-06   1.07148499e-03]
 ..., 
 [  6.72049931e-02   3.09800014e-01   4.70265574e-03 ...,   1.00000000e+00
    3.10134336e-02   2.55571395e-01]
 [  1.07052745e-08   3.98512371e-01   1.16288145e-06 ...,   3.10134336e-02
    1.00000000e+00   1.13707671e-04]
 [  9.98337294e-01   1.53260666e-01   1.07148499e-03 ...,   2.55571395e-01
    1.13707671e-04   1.00000000e+00]]
epoch:  20  errors:  10.3551098994
sigmas:
[[  835.76302272   728.15663138   146.30577175 ...,   691.40980961
    301.51253946   858.32086033]
 [  728.15663138   238.03882683   166.5756112  ...,   756.49696701
   1073.13609883   452.06701898]
 [  146.30577175   166.5756112    961.53214094 ...,   573.44862482
    417.96382371   508.96907471]
 ..., 
 [  691.40980961   756.49696701   573.44862482 ...,   503.15008301
    584.43100934   959.31615359]
 [  301.51253946  1073.13609883   417.96382371 ...,   584.43100934
    947.01232229   425.39596056]
 [  858.32086033   452.06701898   508.96907471 ...,   959.31615359
    425.39596056  1111.01937957]]
saving sigmas to:  ./sigmas/modelReal_singleUpdateII_Alpha1000_1200/modelReal_singleUpdateII_Alpha1000_1200_step21.npy
gm
[[  1.00000000e+00   4.65633078e-01   2.86536289e-37 ...,   6.72049927e-02
    1.07052745e-08   9.98337295e-01]
 [  4.65633078e-01   1.00000000e+00   6.68553595e-22 ...,   3.09800016e-01
    3.98512383e-01   1.53260655e-01]
 [  2.86536289e-37   6.68553595e-22   1.00000000e+00 ...,   4.70265574e-03
    1.16288145e-06   1.07148499e-03]
 ..., 
 [  6.72049927e-02   3.09800016e-01   4.70265574e-03 ...,   1.00000000e+00
    3.10134340e-02   2.55571397e-01]
 [  1.07052745e-08   3.98512383e-01   1.16288145e-06 ...,   3.10134340e-02
    1.00000000e+00   1.13707671e-04]
 [  9.98337295e-01   1.53260655e-01   1.07148499e-03 ...,   2.55571397e-01
    1.13707671e-04   1.00000000e+00]]
epoch:  21  errors:  10.355111272
sigmas:
[[  835.76302272   728.15663281   146.30577175 ...,   691.40980875
    301.51253946   858.3210287 ]
 [  728.15663281   238.03882683   166.5756112  ...,   756.49696945
   1073.13611677   452.06701071]
 [  146.30577175   166.5756112    961.53214094 ...,   573.44862481
    417.96382371   508.96907471]
 ..., 
 [  691.40980875   756.49696945   573.44862481 ...,   503.15008301
    584.4310106    959.31615551]
 [  301.51253946  1073.13611677   417.96382371 ...,   584.4310106
    947.01232229   425.39596059]
 [  858.3210287    452.06701071   508.96907471 ...,   959.31615551
    425.39596059  1111.01937957]]
saving sigmas to:  ./sigmas/modelReal_singleUpdateII_Alpha1000_1200/modelReal_singleUpdateII_Alpha1000_1200_step22.npy
gm
[[  1.00000000e+00   4.65633079e-01   2.86536289e-37 ...,   6.72049922e-02
    1.07052745e-08   9.98337296e-01]
 [  4.65633079e-01   1.00000000e+00   6.68553595e-22 ...,   3.09800019e-01
    3.98512396e-01   1.53260645e-01]
 [  2.86536289e-37   6.68553595e-22   1.00000000e+00 ...,   4.70265574e-03
    1.16288145e-06   1.07148499e-03]
 ..., 
 [  6.72049922e-02   3.09800019e-01   4.70265574e-03 ...,   1.00000000e+00
    3.10134345e-02   2.55571398e-01]
 [  1.07052745e-08   3.98512396e-01   1.16288145e-06 ...,   3.10134345e-02
    1.00000000e+00   1.13707671e-04]
 [  9.98337296e-01   1.53260645e-01   1.07148499e-03 ...,   2.55571398e-01
    1.13707671e-04   1.00000000e+00]]
epoch:  22  errors:  10.3551126445
sigmas:
[[  835.76302272   728.15663423   146.30577175 ...,   691.40980789
    301.51253946   858.32119706]
 [  728.15663423   238.03882683   166.5756112  ...,   756.49697188
   1073.1361347    452.06700245]
 [  146.30577175   166.5756112    961.53214094 ...,   573.4486248
    417.96382371   508.96907471]
 ..., 
 [  691.40980789   756.49697188   573.4486248  ...,   503.15008301
    584.43101186   959.31615742]
 [  301.51253946  1073.1361347    417.96382371 ...,   584.43101186
    947.01232229   425.39596061]
 [  858.32119706   452.06700245   508.96907471 ...,   959.31615742
    425.39596061  1111.01937957]]
saving sigmas to:  ./sigmas/modelReal_singleUpdateII_Alpha1000_1200/modelReal_singleUpdateII_Alpha1000_1200_step23.npy
gm
[[  1.00000000e+00   4.65633081e-01   2.86536289e-37 ...,   6.72049918e-02
    1.07052745e-08   9.98337296e-01]
 [  4.65633081e-01   1.00000000e+00   6.68553595e-22 ...,   3.09800021e-01
    3.98512408e-01   1.53260634e-01]
 [  2.86536289e-37   6.68553595e-22   1.00000000e+00 ...,   4.70265573e-03
    1.16288145e-06   1.07148499e-03]
 ..., 
 [  6.72049918e-02   3.09800021e-01   4.70265573e-03 ...,   1.00000000e+00
    3.10134350e-02   2.55571399e-01]
 [  1.07052745e-08   3.98512408e-01   1.16288145e-06 ...,   3.10134350e-02
    1.00000000e+00   1.13707671e-04]
 [  9.98337296e-01   1.53260634e-01   1.07148499e-03 ...,   2.55571399e-01
    1.13707671e-04   1.00000000e+00]]
epoch:  23  errors:  10.355114017
sigmas:
[[  835.76302272   728.15663565   146.30577175 ...,   691.40980704
    301.51253946   858.32136543]
 [  728.15663565   238.03882683   166.5756112  ...,   756.49697432
   1073.13615263   452.06699419]
 [  146.30577175   166.5756112    961.53214094 ...,   573.44862479
    417.96382371   508.96907471]
 ..., 
 [  691.40980704   756.49697432   573.44862479 ...,   503.15008301
    584.43101311   959.31615934]
 [  301.51253946  1073.13615263   417.96382371 ...,   584.43101311
    947.01232229   425.39596064]
 [  858.32136543   452.06699419   508.96907471 ...,   959.31615934
    425.39596064  1111.01937957]]
saving sigmas to:  ./sigmas/modelReal_singleUpdateII_Alpha1000_1200/modelReal_singleUpdateII_Alpha1000_1200_step24.npy
gm
[[  1.00000000e+00   4.65633082e-01   2.86536289e-37 ...,   6.72049913e-02
    1.07052745e-08   9.98337297e-01]
 [  4.65633082e-01   1.00000000e+00   6.68553595e-22 ...,   3.09800023e-01
    3.98512420e-01   1.53260624e-01]
 [  2.86536289e-37   6.68553595e-22   1.00000000e+00 ...,   4.70265573e-03
    1.16288145e-06   1.07148499e-03]
 ..., 
 [  6.72049913e-02   3.09800023e-01   4.70265573e-03 ...,   1.00000000e+00
    3.10134354e-02   2.55571401e-01]
 [  1.07052745e-08   3.98512420e-01   1.16288145e-06 ...,   3.10134354e-02
    1.00000000e+00   1.13707672e-04]
 [  9.98337297e-01   1.53260624e-01   1.07148499e-03 ...,   2.55571401e-01
    1.13707672e-04   1.00000000e+00]]
epoch:  24  errors:  10.3551153895
sigmas:
[[  835.76302272   728.15663707   146.30577175 ...,   691.40980618
    301.51253946   858.3215338 ]
 [  728.15663707   238.03882683   166.5756112  ...,   756.49697676
   1073.13617057   452.06698592]
 [  146.30577175   166.5756112    961.53214094 ...,   573.44862478
    417.96382371   508.96907471]
 ..., 
 [  691.40980618   756.49697676   573.44862478 ...,   503.15008301
    584.43101437   959.31616125]
 [  301.51253946  1073.13617057   417.96382371 ...,   584.43101437
    947.01232229   425.39596066]
 [  858.3215338    452.06698592   508.96907471 ...,   959.31616125
    425.39596066  1111.01937957]]
saving sigmas to:  ./sigmas/modelReal_singleUpdateII_Alpha1000_1200/modelReal_singleUpdateII_Alpha1000_1200_step25.npy
gm
[[  1.00000000e+00   4.65633083e-01   2.86536289e-37 ...,   6.72049909e-02
    1.07052745e-08   9.98337298e-01]
 [  4.65633083e-01   1.00000000e+00   6.68553595e-22 ...,   3.09800026e-01
    3.98512432e-01   1.53260613e-01]
 [  2.86536289e-37   6.68553595e-22   1.00000000e+00 ...,   4.70265573e-03
    1.16288145e-06   1.07148499e-03]
 ..., 
