Loading cqt and beats... 
Perform sync
Perform loadInterval2Frame
[[array([], dtype=float64), 'Silence'], [array([ 0, 18]), 'I'], [array([18, 50]), 'V'], [array([50, 81]), 'V'], [array([ 81, 113]), 'C'], [array([113, 130]), 'T'], [array([130, 161]), 'V'], [array([161, 193]), 'C'], [array([193, 242]), "T'"], [array([242, 274]), 'C'], [array([274, 321]), 'O'], [array([], dtype=float64), 'Silence']]
[[array([ 0, 18]), 'I'], [array([18, 50]), 'V'], [array([50, 81]), 'V'], [array([ 81, 113]), 'C'], [array([113, 130]), 'T'], [array([130, 161]), 'V'], [array([161, 193]), 'C'], [array([193, 242]), "T'"], [array([242, 274]), 'C'], [array([274, 321]), 'O']]
sigmas
[[ 626.82226704  546.11745008  109.72932881 ...,  518.55737135
   226.13440459  643.73786718]
 [ 546.11745008  178.52912012  124.9317084  ...,  567.37268505
   804.85177822  339.05040059]
 [ 109.72932881  124.9317084   721.14910571 ...,  430.08646875
   313.47286778  381.72680604]
 ..., 
 [ 518.55737135  567.37268505  430.08646875 ...,  377.36256226
   438.32323625  719.4870836 ]
 [ 226.13440459  804.85177822  313.47286778 ...,  438.32323625
   710.25924172  319.04697003]
 [ 643.73786718  339.05040059  381.72680604 ...,  719.4870836   319.04697003
   833.26453467]]
gm.shape:  (322, 322)
[[  1.00000000e+00   2.56954150e-01   1.08389201e-65 ...,   8.22963599e-03
    6.76699890e-15   9.97045966e-01]
 [  2.56954150e-01   1.00000000e+00   2.26880797e-38 ...,   1.24524773e-01
    1.94838073e-01   3.56350954e-02]
 [  1.08389201e-65   2.26880797e-38   1.00000000e+00 ...,   7.27685039e-05
    2.81734990e-11   5.24777579e-06]
 ..., 
 [  8.22963599e-03   1.24524773e-01   7.27685039e-05 ...,   1.00000000e+00
    2.08118460e-03   8.84480668e-02]
 [  6.76699890e-15   1.94838073e-01   2.81734990e-11 ...,   2.08118460e-03
    1.00000000e+00   9.72905539e-08]
 [  9.97045966e-01   3.56350954e-02   5.24777579e-06 ...,   8.84480668e-02
    9.72905539e-08   1.00000000e+00]]
L_true
[[ 1.         -0.05555556 -0.05555556 ..., -0.         -0.         -0.        ]
 [-0.05555556  1.         -0.05555556 ..., -0.         -0.         -0.        ]
 [-0.05555556 -0.05555556  1.         ..., -0.         -0.         -0.        ]
 ..., 
 [-0.         -0.         -0.         ...,  1.         -0.0212766
  -0.0212766 ]
 [-0.         -0.         -0.         ..., -0.0212766   1.         -0.0212766 ]
 [-0.         -0.         -0.         ..., -0.0212766  -0.0212766   1.        ]]
gm.shape, m_true.shape:  (322, 322) (322, 322)
gm is symmetric:  True
m_true is symmetric:  True
errors:  23.0103406248
sigmas:
[[ 626.82226704  546.11743978  109.72932881 ...,  518.55737102
   226.13440459  643.73882261]
 [ 546.11743978  178.52912012  124.9317084  ...,  567.37267368
   804.85183174  339.05039309]
 [ 109.72932881  124.9317084   721.14910571 ...,  430.08646875
   313.47286778  381.72680604]
 ..., 
 [ 518.55737102  567.37267368  430.08646875 ...,  377.36256226
   438.32323728  719.48708323]
 [ 226.13440459  804.85183174  313.47286778 ...,  438.32323728
   710.25924172  319.04697003]
 [ 643.73882261  339.05039309  381.72680604 ...,  719.48708323
   319.04697003  833.26453467]]
saving sigmas to:  ./sigmas/modelReal_singleUpdateII_Alpha1000_900/modelReal_singleUpdateII_Alpha1000_900_step0.npy
gm
[[  1.00000000e+00   2.56954137e-01   1.08389201e-65 ...,   8.22963594e-03
    6.76699890e-15   9.97045975e-01]
 [  2.56954137e-01   1.00000000e+00   2.26880797e-38 ...,   1.24524763e-01
    1.94838116e-01   3.56350902e-02]
 [  1.08389201e-65   2.26880797e-38   1.00000000e+00 ...,   7.27685039e-05
    2.81734990e-11   5.24777579e-06]
 ..., 
 [  8.22963594e-03   1.24524763e-01   7.27685039e-05 ...,   1.00000000e+00
    2.08118466e-03   8.84480666e-02]
 [  6.76699890e-15   1.94838116e-01   2.81734990e-11 ...,   2.08118466e-03
    1.00000000e+00   9.72905539e-08]
 [  9.97045975e-01   3.56350902e-02   5.24777579e-06 ...,   8.84480666e-02
    9.72905539e-08   1.00000000e+00]]
epoch:  0  errors:  23.0103603847
sigmas:
[[ 626.82226704  546.11742947  109.72932881 ...,  518.5573707   226.13440459
   643.73977804]
 [ 546.11742947  178.52912012  124.9317084  ...,  567.37266231
   804.85188525  339.0503856 ]
 [ 109.72932881  124.9317084   721.14910571 ...,  430.08646875
   313.47286778  381.72680604]
 ..., 
 [ 518.5573707   567.37266231  430.08646875 ...,  377.36256226
   438.32323831  719.48708287]
 [ 226.13440459  804.85188525  313.47286778 ...,  438.32323831
   710.25924172  319.04697003]
 [ 643.73977804  339.0503856   381.72680604 ...,  719.48708287
   319.04697003  833.26453467]]
saving sigmas to:  ./sigmas/modelReal_singleUpdateII_Alpha1000_900/modelReal_singleUpdateII_Alpha1000_900_step1.npy
gm
[[  1.00000000e+00   2.56954124e-01   1.08389201e-65 ...,   8.22963589e-03
    6.76699890e-15   9.97045984e-01]
 [  2.56954124e-01   1.00000000e+00   2.26880797e-38 ...,   1.24524752e-01
    1.94838158e-01   3.56350849e-02]
 [  1.08389201e-65   2.26880797e-38   1.00000000e+00 ...,   7.27685039e-05
    2.81734990e-11   5.24777579e-06]
 ..., 
 [  8.22963589e-03   1.24524752e-01   7.27685039e-05 ...,   1.00000000e+00
    2.08118472e-03   8.84480663e-02]
 [  6.76699890e-15   1.94838158e-01   2.81734990e-11 ...,   2.08118472e-03
    1.00000000e+00   9.72905539e-08]
 [  9.97045984e-01   3.56350849e-02   5.24777579e-06 ...,   8.84480663e-02
    9.72905539e-08   1.00000000e+00]]
epoch:  1  errors:  23.0103801447
sigmas:
[[ 626.82226704  546.11741917  109.72932881 ...,  518.55737037
   226.13440459  643.74073346]
 [ 546.11741917  178.52912012  124.9317084  ...,  567.37265093
   804.85193877  339.05037811]
 [ 109.72932881  124.9317084   721.14910571 ...,  430.08646875
   313.47286778  381.72680604]
 ..., 
 [ 518.55737037  567.37265093  430.08646875 ...,  377.36256226
   438.32323934  719.4870825 ]
 [ 226.13440459  804.85193877  313.47286778 ...,  438.32323934
   710.25924172  319.04697003]
 [ 643.74073346  339.05037811  381.72680604 ...,  719.4870825   319.04697003
   833.26453467]]
saving sigmas to:  ./sigmas/modelReal_singleUpdateII_Alpha1000_900/modelReal_singleUpdateII_Alpha1000_900_step2.npy
gm
[[  1.00000000e+00   2.56954111e-01   1.08389201e-65 ...,   8.22963584e-03
    6.76699890e-15   9.97045992e-01]
 [  2.56954111e-01   1.00000000e+00   2.26880797e-38 ...,   1.24524742e-01
    1.94838200e-01   3.56350797e-02]
 [  1.08389201e-65   2.26880797e-38   1.00000000e+00 ...,   7.27685039e-05
    2.81734990e-11   5.24777579e-06]
 ..., 
 [  8.22963584e-03   1.24524742e-01   7.27685039e-05 ...,   1.00000000e+00
    2.08118478e-03   8.84480661e-02]
 [  6.76699890e-15   1.94838200e-01   2.81734990e-11 ...,   2.08118478e-03
    1.00000000e+00   9.72905539e-08]
 [  9.97045992e-01   3.56350797e-02   5.24777579e-06 ...,   8.84480661e-02
    9.72905539e-08   1.00000000e+00]]
epoch:  2  errors:  23.0103999047
sigmas:
[[ 626.82226704  546.11740886  109.72932881 ...,  518.55737004
   226.13440459  643.74168889]
 [ 546.11740886  178.52912012  124.9317084  ...,  567.37263956
   804.85199228  339.05037061]
 [ 109.72932881  124.9317084   721.14910571 ...,  430.08646875
   313.47286778  381.72680604]
 ..., 
 [ 518.55737004  567.37263956  430.08646875 ...,  377.36256226
   438.32324036  719.48708214]
 [ 226.13440459  804.85199228  313.47286778 ...,  438.32324036
   710.25924172  319.04697003]
 [ 643.74168889  339.05037061  381.72680604 ...,  719.48708214
   319.04697003  833.26453467]]
saving sigmas to:  ./sigmas/modelReal_singleUpdateII_Alpha1000_900/modelReal_singleUpdateII_Alpha1000_900_step3.npy
gm
[[  1.00000000e+00   2.56954098e-01   1.08389201e-65 ...,   8.22963579e-03
    6.76699890e-15   9.97046001e-01]
 [  2.56954098e-01   1.00000000e+00   2.26880797e-38 ...,   1.24524731e-01
    1.94838243e-01   3.56350744e-02]
 [  1.08389201e-65   2.26880797e-38   1.00000000e+00 ...,   7.27685039e-05
    2.81734990e-11   5.24777579e-06]
 ..., 
 [  8.22963579e-03   1.24524731e-01   7.27685039e-05 ...,   1.00000000e+00
    2.08118484e-03   8.84480659e-02]
 [  6.76699890e-15   1.94838243e-01   2.81734990e-11 ...,   2.08118484e-03
    1.00000000e+00   9.72905539e-08]
 [  9.97046001e-01   3.56350744e-02   5.24777579e-06 ...,   8.84480659e-02
    9.72905539e-08   1.00000000e+00]]
epoch:  3  errors:  23.0104196649
sigmas:
[[ 626.82226704  546.11739856  109.72932881 ...,  518.55736972
   226.13440459  643.74264432]
 [ 546.11739856  178.52912012  124.9317084  ...,  567.37262818
   804.85204579  339.05036312]
 [ 109.72932881  124.9317084   721.14910571 ...,  430.08646875
   313.47286778  381.72680604]
 ..., 
 [ 518.55736972  567.37262818  430.08646875 ...,  377.36256226
   438.32324139  719.48708178]
 [ 226.13440459  804.85204579  313.47286778 ...,  438.32324139
   710.25924172  319.04697003]
 [ 643.74264432  339.05036312  381.72680604 ...,  719.48708178
   319.04697003  833.26453467]]
saving sigmas to:  ./sigmas/modelReal_singleUpdateII_Alpha1000_900/modelReal_singleUpdateII_Alpha1000_900_step4.npy
gm
[[  1.00000000e+00   2.56954084e-01   1.08389201e-65 ...,   8.22963574e-03
    6.76699890e-15   9.97046010e-01]
 [  2.56954084e-01   1.00000000e+00   2.26880797e-38 ...,   1.24524721e-01
    1.94838285e-01   3.56350692e-02]
 [  1.08389201e-65   2.26880797e-38   1.00000000e+00 ...,   7.27685039e-05
    2.81734990e-11   5.24777579e-06]
 ..., 
 [  8.22963574e-03   1.24524721e-01   7.27685039e-05 ...,   1.00000000e+00
    2.08118490e-03   8.84480657e-02]
 [  6.76699890e-15   1.94838285e-01   2.81734990e-11 ...,   2.08118490e-03
    1.00000000e+00   9.72905539e-08]
 [  9.97046010e-01   3.56350692e-02   5.24777579e-06 ...,   8.84480657e-02
    9.72905539e-08   1.00000000e+00]]
epoch:  4  errors:  23.0104394251
sigmas:
[[ 626.82226704  546.11738825  109.72932881 ...,  518.55736939
   226.13440459  643.74359975]
 [ 546.11738825  178.52912012  124.9317084  ...,  567.37261681
   804.85209931  339.05035563]
 [ 109.72932881  124.9317084   721.14910571 ...,  430.08646875
   313.47286778  381.72680604]
 ..., 
 [ 518.55736939  567.37261681  430.08646875 ...,  377.36256226
   438.32324242  719.48708141]
 [ 226.13440459  804.85209931  313.47286778 ...,  438.32324242
   710.25924172  319.04697003]
 [ 643.74359975  339.05035563  381.72680604 ...,  719.48708141
   319.04697003  833.26453467]]
saving sigmas to:  ./sigmas/modelReal_singleUpdateII_Alpha1000_900/modelReal_singleUpdateII_Alpha1000_900_step5.npy
gm
[[  1.00000000e+00   2.56954071e-01   1.08389201e-65 ...,   8.22963569e-03
    6.76699890e-15   9.97046019e-01]
 [  2.56954071e-01   1.00000000e+00   2.26880797e-38 ...,   1.24524711e-01
    1.94838328e-01   3.56350639e-02]
 [  1.08389201e-65   2.26880797e-38   1.00000000e+00 ...,   7.27685039e-05
    2.81734990e-11   5.24777579e-06]
 ..., 
 [  8.22963569e-03   1.24524711e-01   7.27685039e-05 ...,   1.00000000e+00
    2.08118496e-03   8.84480655e-02]
 [  6.76699890e-15   1.94838328e-01   2.81734990e-11 ...,   2.08118496e-03
    1.00000000e+00   9.72905539e-08]
 [  9.97046019e-01   3.56350639e-02   5.24777579e-06 ...,   8.84480655e-02
    9.72905539e-08   1.00000000e+00]]
epoch:  5  errors:  23.0104591854
sigmas:
[[ 626.82226704  546.11737795  109.72932881 ...,  518.55736906
   226.13440459  643.74455518]
 [ 546.11737795  178.52912012  124.9317084  ...,  567.37260543
   804.85215282  339.05034814]
 [ 109.72932881  124.9317084   721.14910571 ...,  430.08646875
   313.47286778  381.72680604]
 ..., 
 [ 518.55736906  567.37260543  430.08646875 ...,  377.36256226
   438.32324345  719.48708105]
 [ 226.13440459  804.85215282  313.47286778 ...,  438.32324345
   710.25924172  319.04697003]
 [ 643.74455518  339.05034814  381.72680604 ...,  719.48708105
   319.04697003  833.26453467]]
saving sigmas to:  ./sigmas/modelReal_singleUpdateII_Alpha1000_900/modelReal_singleUpdateII_Alpha1000_900_step6.npy
gm
[[  1.00000000e+00   2.56954058e-01   1.08389201e-65 ...,   8.22963564e-03
    6.76699890e-15   9.97046027e-01]
 [  2.56954058e-01   1.00000000e+00   2.26880797e-38 ...,   1.24524700e-01
    1.94838370e-01   3.56350587e-02]
 [  1.08389201e-65   2.26880797e-38   1.00000000e+00 ...,   7.27685039e-05
    2.81734990e-11   5.24777579e-06]
 ..., 
 [  8.22963564e-03   1.24524700e-01   7.27685039e-05 ...,   1.00000000e+00
    2.08118502e-03   8.84480653e-02]
 [  6.76699890e-15   1.94838370e-01   2.81734990e-11 ...,   2.08118502e-03
    1.00000000e+00   9.72905539e-08]
 [  9.97046027e-01   3.56350587e-02   5.24777579e-06 ...,   8.84480653e-02
    9.72905539e-08   1.00000000e+00]]
epoch:  6  errors:  23.0104789458
sigmas:
[[ 626.82226704  546.11736764  109.72932881 ...,  518.55736874
   226.13440459  643.74551061]
 [ 546.11736764  178.52912012  124.9317084  ...,  567.37259406
   804.85220633  339.05034064]
 [ 109.72932881  124.9317084   721.14910571 ...,  430.08646875
   313.47286778  381.72680604]
 ..., 
 [ 518.55736874  567.37259406  430.08646875 ...,  377.36256226
   438.32324447  719.48708068]
 [ 226.13440459  804.85220633  313.47286778 ...,  438.32324447
   710.25924172  319.04697003]
 [ 643.74551061  339.05034064  381.72680604 ...,  719.48708068
   319.04697003  833.26453467]]
saving sigmas to:  ./sigmas/modelReal_singleUpdateII_Alpha1000_900/modelReal_singleUpdateII_Alpha1000_900_step7.npy
gm
[[  1.00000000e+00   2.56954045e-01   1.08389201e-65 ...,   8.22963559e-03
    6.76699890e-15   9.97046036e-01]
 [  2.56954045e-01   1.00000000e+00   2.26880797e-38 ...,   1.24524690e-01
    1.94838412e-01   3.56350534e-02]
 [  1.08389201e-65   2.26880797e-38   1.00000000e+00 ...,   7.27685039e-05
    2.81734990e-11   5.24777579e-06]
 ..., 
 [  8.22963559e-03   1.24524690e-01   7.27685039e-05 ...,   1.00000000e+00
    2.08118508e-03   8.84480650e-02]
 [  6.76699890e-15   1.94838412e-01   2.81734990e-11 ...,   2.08118508e-03
    1.00000000e+00   9.72905539e-08]
 [  9.97046036e-01   3.56350534e-02   5.24777579e-06 ...,   8.84480650e-02
    9.72905539e-08   1.00000000e+00]]
epoch:  7  errors:  23.0104987063
sigmas:
[[ 626.82226704  546.11735734  109.72932881 ...,  518.55736841
   226.13440459  643.74646604]
 [ 546.11735734  178.52912012  124.9317084  ...,  567.37258269
   804.85225985  339.05033315]
 [ 109.72932881  124.9317084   721.14910571 ...,  430.08646875
   313.47286778  381.72680604]
 ..., 
 [ 518.55736841  567.37258269  430.08646875 ...,  377.36256226  438.3232455
   719.48708032]
 [ 226.13440459  804.85225985  313.47286778 ...,  438.3232455   710.25924172
   319.04697003]
 [ 643.74646604  339.05033315  381.72680604 ...,  719.48708032
   319.04697003  833.26453467]]
saving sigmas to:  ./sigmas/modelReal_singleUpdateII_Alpha1000_900/modelReal_singleUpdateII_Alpha1000_900_step8.npy
gm
[[  1.00000000e+00   2.56954032e-01   1.08389201e-65 ...,   8.22963554e-03
    6.76699890e-15   9.97046045e-01]
 [  2.56954032e-01   1.00000000e+00   2.26880797e-38 ...,   1.24524679e-01
    1.94838455e-01   3.56350482e-02]
 [  1.08389201e-65   2.26880797e-38   1.00000000e+00 ...,   7.27685039e-05
    2.81734990e-11   5.24777579e-06]
 ..., 
 [  8.22963554e-03   1.24524679e-01   7.27685039e-05 ...,   1.00000000e+00
    2.08118514e-03   8.84480648e-02]
 [  6.76699890e-15   1.94838455e-01   2.81734990e-11 ...,   2.08118514e-03
    1.00000000e+00   9.72905539e-08]
 [  9.97046045e-01   3.56350482e-02   5.24777579e-06 ...,   8.84480648e-02
    9.72905539e-08   1.00000000e+00]]
epoch:  8  errors:  23.0105184669
sigmas:
[[ 626.82226704  546.11734703  109.72932881 ...,  518.55736808
   226.13440459  643.74742147]
 [ 546.11734703  178.52912012  124.9317084  ...,  567.37257131
   804.85231336  339.05032566]
 [ 109.72932881  124.9317084   721.14910571 ...,  430.08646875
   313.47286778  381.72680604]
 ..., 
 [ 518.55736808  567.37257131  430.08646875 ...,  377.36256226
   438.32324653  719.48707996]
 [ 226.13440459  804.85231336  313.47286778 ...,  438.32324653
   710.25924172  319.04697003]
 [ 643.74742147  339.05032566  381.72680604 ...,  719.48707996
   319.04697003  833.26453467]]
saving sigmas to:  ./sigmas/modelReal_singleUpdateII_Alpha1000_900/modelReal_singleUpdateII_Alpha1000_900_step9.npy
gm
[[  1.00000000e+00   2.56954019e-01   1.08389201e-65 ...,   8.22963549e-03
    6.76699890e-15   9.97046054e-01]
 [  2.56954019e-01   1.00000000e+00   2.26880797e-38 ...,   1.24524669e-01
    1.94838497e-01   3.56350429e-02]
 [  1.08389201e-65   2.26880797e-38   1.00000000e+00 ...,   7.27685039e-05
    2.81734990e-11   5.24777579e-06]
 ..., 
 [  8.22963549e-03   1.24524669e-01   7.27685039e-05 ...,   1.00000000e+00
    2.08118520e-03   8.84480646e-02]
 [  6.76699890e-15   1.94838497e-01   2.81734990e-11 ...,   2.08118520e-03
    1.00000000e+00   9.72905539e-08]
 [  9.97046054e-01   3.56350429e-02   5.24777579e-06 ...,   8.84480646e-02
    9.72905539e-08   1.00000000e+00]]
epoch:  9  errors:  23.0105382275
sigmas:
[[ 626.82226704  546.11733673  109.72932881 ...,  518.55736776
   226.13440459  643.7483769 ]
 [ 546.11733673  178.52912012  124.9317084  ...,  567.37255994
   804.85236688  339.05031816]
 [ 109.72932881  124.9317084   721.14910571 ...,  430.08646875
   313.47286778  381.72680604]
 ..., 
 [ 518.55736776  567.37255994  430.08646875 ...,  377.36256226
   438.32324756  719.48707959]
 [ 226.13440459  804.85236688  313.47286778 ...,  438.32324756
   710.25924172  319.04697003]
 [ 643.7483769   339.05031816  381.72680604 ...,  719.48707959
   319.04697003  833.26453467]]
saving sigmas to:  ./sigmas/modelReal_singleUpdateII_Alpha1000_900/modelReal_singleUpdateII_Alpha1000_900_step10.npy
gm
[[  1.00000000e+00   2.56954005e-01   1.08389201e-65 ...,   8.22963544e-03
    6.76699890e-15   9.97046062e-01]
 [  2.56954005e-01   1.00000000e+00   2.26880797e-38 ...,   1.24524659e-01
    1.94838539e-01   3.56350377e-02]
 [  1.08389201e-65   2.26880797e-38   1.00000000e+00 ...,   7.27685039e-05
    2.81734990e-11   5.24777579e-06]
 ..., 
 [  8.22963544e-03   1.24524659e-01   7.27685039e-05 ...,   1.00000000e+00
    2.08118526e-03   8.84480644e-02]
 [  6.76699890e-15   1.94838539e-01   2.81734990e-11 ...,   2.08118526e-03
    1.00000000e+00   9.72905539e-08]
 [  9.97046062e-01   3.56350377e-02   5.24777579e-06 ...,   8.84480644e-02
    9.72905539e-08   1.00000000e+00]]
epoch:  10  errors:  23.0105579883
sigmas:
[[ 626.82226704  546.11732642  109.72932881 ...,  518.55736743
   226.13440459  643.74933233]
 [ 546.11732642  178.52912012  124.9317084  ...,  567.37254856
   804.85242039  339.05031067]
 [ 109.72932881  124.9317084   721.14910571 ...,  430.08646875
   313.47286778  381.72680604]
 ..., 
 [ 518.55736743  567.37254856  430.08646875 ...,  377.36256226
   438.32324859  719.48707923]
 [ 226.13440459  804.85242039  313.47286778 ...,  438.32324859
   710.25924172  319.04697003]
 [ 643.74933233  339.05031067  381.72680604 ...,  719.48707923
   319.04697003  833.26453467]]
saving sigmas to:  ./sigmas/modelReal_singleUpdateII_Alpha1000_900/modelReal_singleUpdateII_Alpha1000_900_step11.npy
gm
[[  1.00000000e+00   2.56953992e-01   1.08389201e-65 ...,   8.22963539e-03
    6.76699890e-15   9.97046071e-01]
 [  2.56953992e-01   1.00000000e+00   2.26880797e-38 ...,   1.24524648e-01
    1.94838582e-01   3.56350324e-02]
 [  1.08389201e-65   2.26880797e-38   1.00000000e+00 ...,   7.27685039e-05
    2.81734990e-11   5.24777579e-06]
 ..., 
 [  8.22963539e-03   1.24524648e-01   7.27685039e-05 ...,   1.00000000e+00
    2.08118532e-03   8.84480642e-02]
 [  6.76699890e-15   1.94838582e-01   2.81734990e-11 ...,   2.08118532e-03
    1.00000000e+00   9.72905539e-08]
 [  9.97046071e-01   3.56350324e-02   5.24777579e-06 ...,   8.84480642e-02
    9.72905539e-08   1.00000000e+00]]
epoch:  11  errors:  23.0105777491
sigmas:
[[ 626.82226704  546.11731612  109.72932881 ...,  518.5573671   226.13440459
   643.75028776]
 [ 546.11731612  178.52912012  124.9317084  ...,  567.37253719  804.8524739
   339.05030318]
 [ 109.72932881  124.9317084   721.14910571 ...,  430.08646875
   313.47286778  381.72680604]
 ..., 
 [ 518.5573671   567.37253719  430.08646875 ...,  377.36256226
   438.32324961  719.48707886]
 [ 226.13440459  804.8524739   313.47286778 ...,  438.32324961
   710.25924172  319.04697003]
 [ 643.75028776  339.05030318  381.72680604 ...,  719.48707886
   319.04697003  833.26453467]]
saving sigmas to:  ./sigmas/modelReal_singleUpdateII_Alpha1000_900/modelReal_singleUpdateII_Alpha1000_900_step12.npy
gm
[[  1.00000000e+00   2.56953979e-01   1.08389201e-65 ...,   8.22963534e-03
    6.76699890e-15   9.97046080e-01]
 [  2.56953979e-01   1.00000000e+00   2.26880797e-38 ...,   1.24524638e-01
    1.94838624e-01   3.56350272e-02]
 [  1.08389201e-65   2.26880797e-38   1.00000000e+00 ...,   7.27685039e-05
    2.81734990e-11   5.24777579e-06]
 ..., 
 [  8.22963534e-03   1.24524638e-01   7.27685039e-05 ...,   1.00000000e+00
    2.08118538e-03   8.84480640e-02]
 [  6.76699890e-15   1.94838624e-01   2.81734990e-11 ...,   2.08118538e-03
    1.00000000e+00   9.72905539e-08]
 [  9.97046080e-01   3.56350272e-02   5.24777579e-06 ...,   8.84480640e-02
    9.72905539e-08   1.00000000e+00]]
epoch:  12  errors:  23.01059751
sigmas:
[[ 626.82226704  546.11730582  109.72932881 ...,  518.55736677
   226.13440459  643.75124319]
 [ 546.11730582  178.52912012  124.9317084  ...,  567.37252582
   804.85252742  339.05029568]
 [ 109.72932881  124.9317084   721.14910571 ...,  430.08646875
   313.47286778  381.72680604]
 ..., 
 [ 518.55736677  567.37252582  430.08646875 ...,  377.36256226
   438.32325064  719.4870785 ]
 [ 226.13440459  804.85252742  313.47286778 ...,  438.32325064
   710.25924172  319.04697003]
 [ 643.75124319  339.05029568  381.72680604 ...,  719.4870785   319.04697003
   833.26453467]]
saving sigmas to:  ./sigmas/modelReal_singleUpdateII_Alpha1000_900/modelReal_singleUpdateII_Alpha1000_900_step13.npy
gm
[[  1.00000000e+00   2.56953966e-01   1.08389201e-65 ...,   8.22963529e-03
    6.76699890e-15   9.97046089e-01]
 [  2.56953966e-01   1.00000000e+00   2.26880797e-38 ...,   1.24524627e-01
    1.94838667e-01   3.56350219e-02]
 [  1.08389201e-65   2.26880797e-38   1.00000000e+00 ...,   7.27685039e-05
    2.81734990e-11   5.24777579e-06]
 ..., 
 [  8.22963529e-03   1.24524627e-01   7.27685039e-05 ...,   1.00000000e+00
    2.08118544e-03   8.84480637e-02]
 [  6.76699890e-15   1.94838667e-01   2.81734990e-11 ...,   2.08118544e-03
    1.00000000e+00   9.72905539e-08]
 [  9.97046089e-01   3.56350219e-02   5.24777579e-06 ...,   8.84480637e-02
    9.72905539e-08   1.00000000e+00]]
epoch:  13  errors:  23.010617271
sigmas:
[[ 626.82226704  546.11729551  109.72932881 ...,  518.55736645
   226.13440459  643.75219862]
 [ 546.11729551  178.52912012  124.9317084  ...,  567.37251444
   804.85258093  339.05028819]
 [ 109.72932881  124.9317084   721.14910571 ...,  430.08646875
   313.47286778  381.72680604]
 ..., 
 [ 518.55736645  567.37251444  430.08646875 ...,  377.36256226
   438.32325167  719.48707814]
 [ 226.13440459  804.85258093  313.47286778 ...,  438.32325167
   710.25924172  319.04697003]
 [ 643.75219862  339.05028819  381.72680604 ...,  719.48707814
   319.04697003  833.26453467]]
saving sigmas to:  ./sigmas/modelReal_singleUpdateII_Alpha1000_900/modelReal_singleUpdateII_Alpha1000_900_step14.npy
gm
[[  1.00000000e+00   2.56953953e-01   1.08389201e-65 ...,   8.22963524e-03
    6.76699890e-15   9.97046097e-01]
 [  2.56953953e-01   1.00000000e+00   2.26880797e-38 ...,   1.24524617e-01
    1.94838709e-01   3.56350167e-02]
 [  1.08389201e-65   2.26880797e-38   1.00000000e+00 ...,   7.27685039e-05
    2.81734990e-11   5.24777579e-06]
 ..., 
 [  8.22963524e-03   1.24524617e-01   7.27685039e-05 ...,   1.00000000e+00
    2.08118550e-03   8.84480635e-02]
 [  6.76699890e-15   1.94838709e-01   2.81734990e-11 ...,   2.08118550e-03
    1.00000000e+00   9.72905539e-08]
 [  9.97046097e-01   3.56350167e-02   5.24777579e-06 ...,   8.84480635e-02
    9.72905539e-08   1.00000000e+00]]
epoch:  14  errors:  23.010637032
sigmas:
[[ 626.82226704  546.11728521  109.72932881 ...,  518.55736612
   226.13440459  643.75315405]
 [ 546.11728521  178.52912012  124.9317084  ...,  567.37250307
   804.85263445  339.0502807 ]
 [ 109.72932881  124.9317084   721.14910571 ...,  430.08646875
   313.47286778  381.72680604]
 ..., 
 [ 518.55736612  567.37250307  430.08646875 ...,  377.36256226  438.3232527
   719.48707777]
 [ 226.13440459  804.85263445  313.47286778 ...,  438.3232527   710.25924172
   319.04697003]
 [ 643.75315405  339.0502807   381.72680604 ...,  719.48707777
   319.04697003  833.26453467]]
saving sigmas to:  ./sigmas/modelReal_singleUpdateII_Alpha1000_900/modelReal_singleUpdateII_Alpha1000_900_step15.npy
gm
[[  1.00000000e+00   2.56953940e-01   1.08389201e-65 ...,   8.22963519e-03
    6.76699890e-15   9.97046106e-01]
 [  2.56953940e-01   1.00000000e+00   2.26880797e-38 ...,   1.24524607e-01
    1.94838751e-01   3.56350114e-02]
 [  1.08389201e-65   2.26880797e-38   1.00000000e+00 ...,   7.27685039e-05
    2.81734990e-11   5.24777579e-06]
 ..., 
 [  8.22963519e-03   1.24524607e-01   7.27685039e-05 ...,   1.00000000e+00
    2.08118556e-03   8.84480633e-02]
 [  6.76699890e-15   1.94838751e-01   2.81734990e-11 ...,   2.08118556e-03
    1.00000000e+00   9.72905539e-08]
 [  9.97046106e-01   3.56350114e-02   5.24777579e-06 ...,   8.84480633e-02
    9.72905539e-08   1.00000000e+00]]
epoch:  15  errors:  23.0106567932
sigmas:
[[ 626.82226704  546.1172749   109.72932881 ...,  518.55736579
   226.13440459  643.75410948]
 [ 546.1172749   178.52912012  124.9317084  ...,  567.37249169
   804.85268796  339.05027321]
 [ 109.72932881  124.9317084   721.14910571 ...,  430.08646875
   313.47286778  381.72680604]
 ..., 
 [ 518.55736579  567.37249169  430.08646875 ...,  377.36256226
   438.32325372  719.48707741]
 [ 226.13440459  804.85268796  313.47286778 ...,  438.32325372
   710.25924172  319.04697003]
 [ 643.75410948  339.05027321  381.72680604 ...,  719.48707741
   319.04697003  833.26453467]]
saving sigmas to:  ./sigmas/modelReal_singleUpdateII_Alpha1000_900/modelReal_singleUpdateII_Alpha1000_900_step16.npy
gm
[[  1.00000000e+00   2.56953926e-01   1.08389201e-65 ...,   8.22963514e-03
    6.76699890e-15   9.97046115e-01]
 [  2.56953926e-01   1.00000000e+00   2.26880797e-38 ...,   1.24524596e-01
    1.94838794e-01   3.56350062e-02]
 [  1.08389201e-65   2.26880797e-38   1.00000000e+00 ...,   7.27685039e-05
    2.81734990e-11   5.24777579e-06]
 ..., 
 [  8.22963514e-03   1.24524596e-01   7.27685039e-05 ...,   1.00000000e+00
    2.08118562e-03   8.84480631e-02]
 [  6.76699890e-15   1.94838794e-01   2.81734990e-11 ...,   2.08118562e-03
    1.00000000e+00   9.72905539e-08]
 [  9.97046115e-01   3.56350062e-02   5.24777579e-06 ...,   8.84480631e-02
    9.72905539e-08   1.00000000e+00]]
epoch:  16  errors:  23.0106765544
sigmas:
[[ 626.82226704  546.1172646   109.72932881 ...,  518.55736547
   226.13440459  643.75506491]
 [ 546.1172646   178.52912012  124.9317084  ...,  567.37248032
   804.85274147  339.05026571]
 [ 109.72932881  124.9317084   721.14910571 ...,  430.08646875
   313.47286778  381.72680604]
 ..., 
 [ 518.55736547  567.37248032  430.08646875 ...,  377.36256226
   438.32325475  719.48707704]
 [ 226.13440459  804.85274147  313.47286778 ...,  438.32325475
   710.25924172  319.04697003]
 [ 643.75506491  339.05026571  381.72680604 ...,  719.48707704
   319.04697003  833.26453467]]
saving sigmas to:  ./sigmas/modelReal_singleUpdateII_Alpha1000_900/modelReal_singleUpdateII_Alpha1000_900_step17.npy
gm
[[  1.00000000e+00   2.56953913e-01   1.08389201e-65 ...,   8.22963509e-03
    6.76699890e-15   9.97046124e-01]
 [  2.56953913e-01   1.00000000e+00   2.26880797e-38 ...,   1.24524586e-01
    1.94838836e-01   3.56350009e-02]
 [  1.08389201e-65   2.26880797e-38   1.00000000e+00 ...,   7.27685039e-05
    2.81734990e-11   5.24777579e-06]
 ..., 
 [  8.22963509e-03   1.24524586e-01   7.27685039e-05 ...,   1.00000000e+00
    2.08118568e-03   8.84480629e-02]
 [  6.76699890e-15   1.94838836e-01   2.81734990e-11 ...,   2.08118568e-03
    1.00000000e+00   9.72905539e-08]
 [  9.97046124e-01   3.56350009e-02   5.24777579e-06 ...,   8.84480629e-02
    9.72905539e-08   1.00000000e+00]]
epoch:  17  errors:  23.0106963157
sigmas:
[[ 626.82226704  546.11725429  109.72932881 ...,  518.55736514
   226.13440459  643.75602034]
 [ 546.11725429  178.52912012  124.9317084  ...,  567.37246894
   804.85279499  339.05025822]
 [ 109.72932881  124.9317084   721.14910571 ...,  430.08646875
   313.47286778  381.72680604]
 ..., 
 [ 518.55736514  567.37246894  430.08646875 ...,  377.36256226
   438.32325578  719.48707668]
 [ 226.13440459  804.85279499  313.47286778 ...,  438.32325578
   710.25924172  319.04697003]
 [ 643.75602034  339.05025822  381.72680604 ...,  719.48707668
   319.04697003  833.26453467]]
saving sigmas to:  ./sigmas/modelReal_singleUpdateII_Alpha1000_900/modelReal_singleUpdateII_Alpha1000_900_step18.npy
gm
[[  1.00000000e+00   2.56953900e-01   1.08389201e-65 ...,   8.22963504e-03
    6.76699890e-15   9.97046132e-01]
 [  2.56953900e-01   1.00000000e+00   2.26880797e-38 ...,   1.24524575e-01
    1.94838878e-01   3.56349956e-02]
 [  1.08389201e-65   2.26880797e-38   1.00000000e+00 ...,   7.27685039e-05
    2.81734990e-11   5.24777579e-06]
 ..., 
 [  8.22963504e-03   1.24524575e-01   7.27685039e-05 ...,   1.00000000e+00
    2.08118574e-03   8.84480627e-02]
 [  6.76699890e-15   1.94838878e-01   2.81734990e-11 ...,   2.08118574e-03
    1.00000000e+00   9.72905539e-08]
 [  9.97046132e-01   3.56349956e-02   5.24777579e-06 ...,   8.84480627e-02
    9.72905539e-08   1.00000000e+00]]
epoch:  18  errors:  23.0107160771
sigmas:
[[ 626.82226704  546.11724399  109.72932881 ...,  518.55736481
   226.13440459  643.75697577]
 [ 546.11724399  178.52912012  124.9317084  ...,  567.37245757  804.8528485
   339.05025073]
 [ 109.72932881  124.9317084   721.14910571 ...,  430.08646875
   313.47286778  381.72680604]
 ..., 
 [ 518.55736481  567.37245757  430.08646875 ...,  377.36256226
   438.32325681  719.48707632]
 [ 226.13440459  804.8528485   313.47286778 ...,  438.32325681
   710.25924172  319.04697003]
 [ 643.75697577  339.05025073  381.72680604 ...,  719.48707632
   319.04697003  833.26453467]]
saving sigmas to:  ./sigmas/modelReal_singleUpdateII_Alpha1000_900/modelReal_singleUpdateII_Alpha1000_900_step19.npy
gm
[[  1.00000000e+00   2.56953887e-01   1.08389201e-65 ...,   8.22963499e-03
    6.76699890e-15   9.97046141e-01]
 [  2.56953887e-01   1.00000000e+00   2.26880797e-38 ...,   1.24524565e-01
    1.94838921e-01   3.56349904e-02]
 [  1.08389201e-65   2.26880797e-38   1.00000000e+00 ...,   7.27685039e-05
    2.81734990e-11   5.24777579e-06]
 ..., 
 [  8.22963499e-03   1.24524565e-01   7.27685039e-05 ...,   1.00000000e+00
    2.08118580e-03   8.84480624e-02]
 [  6.76699890e-15   1.94838921e-01   2.81734990e-11 ...,   2.08118580e-03
    1.00000000e+00   9.72905539e-08]
 [  9.97046141e-01   3.56349904e-02   5.24777579e-06 ...,   8.84480624e-02
    9.72905539e-08   1.00000000e+00]]
epoch:  19  errors:  23.0107358386
sigmas:
[[ 626.82226704  546.11723368  109.72932881 ...,  518.55736449
   226.13440459  643.7579312 ]
 [ 546.11723368  178.52912012  124.9317084  ...,  567.3724462   804.85290202
   339.05024323]
 [ 109.72932881  124.9317084   721.14910571 ...,  430.08646875
   313.47286778  381.72680604]
 ..., 
 [ 518.55736449  567.3724462   430.08646875 ...,  377.36256226
   438.32325783  719.48707595]
 [ 226.13440459  804.85290202  313.47286778 ...,  438.32325783
   710.25924172  319.04697003]
 [ 643.7579312   339.05024323  381.72680604 ...,  719.48707595
   319.04697003  833.26453467]]
saving sigmas to:  ./sigmas/modelReal_singleUpdateII_Alpha1000_900/modelReal_singleUpdateII_Alpha1000_900_step20.npy
gm
[[  1.00000000e+00   2.56953874e-01   1.08389201e-65 ...,   8.22963495e-03
    6.76699890e-15   9.97046150e-01]
 [  2.56953874e-01   1.00000000e+00   2.26880797e-38 ...,   1.24524555e-01
    1.94838963e-01   3.56349851e-02]
 [  1.08389201e-65   2.26880797e-38   1.00000000e+00 ...,   7.27685039e-05
    2.81734990e-11   5.24777579e-06]
 ..., 
 [  8.22963495e-03   1.24524555e-01   7.27685039e-05 ...,   1.00000000e+00
    2.08118587e-03   8.84480622e-02]
 [  6.76699890e-15   1.94838963e-01   2.81734990e-11 ...,   2.08118587e-03
    1.00000000e+00   9.72905539e-08]
 [  9.97046150e-01   3.56349851e-02   5.24777579e-06 ...,   8.84480622e-02
    9.72905539e-08   1.00000000e+00]]
epoch:  20  errors:  23.0107556001
sigmas:
[[ 626.82226704  546.11722338  109.72932881 ...,  518.55736416
   226.13440459  643.75888663]
 [ 546.11722338  178.52912012  124.9317084  ...,  567.37243482
   804.85295553  339.05023574]
 [ 109.72932881  124.9317084   721.14910571 ...,  430.08646875
   313.47286778  381.72680604]
 ..., 
 [ 518.55736416  567.37243482  430.08646875 ...,  377.36256226
   438.32325886  719.48707559]
 [ 226.13440459  804.85295553  313.47286778 ...,  438.32325886
   710.25924172  319.04697003]
 [ 643.75888663  339.05023574  381.72680604 ...,  719.48707559
   319.04697003  833.26453467]]
saving sigmas to:  ./sigmas/modelReal_singleUpdateII_Alpha1000_900/modelReal_singleUpdateII_Alpha1000_900_step21.npy
gm
[[  1.00000000e+00   2.56953860e-01   1.08389201e-65 ...,   8.22963490e-03
    6.76699890e-15   9.97046159e-01]
 [  2.56953860e-01   1.00000000e+00   2.26880797e-38 ...,   1.24524544e-01
    1.94839006e-01   3.56349799e-02]
 [  1.08389201e-65   2.26880797e-38   1.00000000e+00 ...,   7.27685039e-05
    2.81734990e-11   5.24777579e-06]
 ..., 
 [  8.22963490e-03   1.24524544e-01   7.27685039e-05 ...,   1.00000000e+00
    2.08118593e-03   8.84480620e-02]
 [  6.76699890e-15   1.94839006e-01   2.81734990e-11 ...,   2.08118593e-03
    1.00000000e+00   9.72905539e-08]
 [  9.97046159e-01   3.56349799e-02   5.24777579e-06 ...,   8.84480620e-02
    9.72905539e-08   1.00000000e+00]]
epoch:  21  errors:  23.0107753618
sigmas:
[[ 626.82226704  546.11721307  109.72932881 ...,  518.55736383
   226.13440459  643.75984206]
 [ 546.11721307  178.52912012  124.9317084  ...,  567.37242345
   804.85300904  339.05022825]
 [ 109.72932881  124.9317084   721.14910571 ...,  430.08646875
   313.47286778  381.72680604]
 ..., 
 [ 518.55736383  567.37242345  430.08646875 ...,  377.36256226
   438.32325989  719.48707522]
 [ 226.13440459  804.85300904  313.47286778 ...,  438.32325989
   710.25924172  319.04697003]
 [ 643.75984206  339.05022825  381.72680604 ...,  719.48707522
   319.04697003  833.26453467]]
saving sigmas to:  ./sigmas/modelReal_singleUpdateII_Alpha1000_900/modelReal_singleUpdateII_Alpha1000_900_step22.npy
gm
[[  1.00000000e+00   2.56953847e-01   1.08389201e-65 ...,   8.22963485e-03
    6.76699890e-15   9.97046167e-01]
 [  2.56953847e-01   1.00000000e+00   2.26880797e-38 ...,   1.24524534e-01
    1.94839048e-01   3.56349746e-02]
 [  1.08389201e-65   2.26880797e-38   1.00000000e+00 ...,   7.27685039e-05
    2.81734990e-11   5.24777579e-06]
 ..., 
 [  8.22963485e-03   1.24524534e-01   7.27685039e-05 ...,   1.00000000e+00
    2.08118599e-03   8.84480618e-02]
 [  6.76699890e-15   1.94839048e-01   2.81734990e-11 ...,   2.08118599e-03
    1.00000000e+00   9.72905539e-08]
 [  9.97046167e-01   3.56349746e-02   5.24777579e-06 ...,   8.84480618e-02
    9.72905539e-08   1.00000000e+00]]
epoch:  22  errors:  23.0107951235
sigmas:
[[ 626.82226704  546.11720277  109.72932881 ...,  518.55736351
   226.13440459  643.76079749]
 [ 546.11720277  178.52912012  124.9317084  ...,  567.37241207
   804.85306256  339.05022075]
 [ 109.72932881  124.9317084   721.14910571 ...,  430.08646875
   313.47286778  381.72680604]
 ..., 
 [ 518.55736351  567.37241207  430.08646875 ...,  377.36256226
   438.32326092  719.48707486]
 [ 226.13440459  804.85306256  313.47286778 ...,  438.32326092
   710.25924172  319.04697003]
 [ 643.76079749  339.05022075  381.72680604 ...,  719.48707486
   319.04697003  833.26453467]]
saving sigmas to:  ./sigmas/modelReal_singleUpdateII_Alpha1000_900/modelReal_singleUpdateII_Alpha1000_900_step23.npy
gm
[[  1.00000000e+00   2.56953834e-01   1.08389201e-65 ...,   8.22963480e-03
    6.76699890e-15   9.97046176e-01]
 [  2.56953834e-01   1.00000000e+00   2.26880797e-38 ...,   1.24524523e-01
    1.94839090e-01   3.56349694e-02]
 [  1.08389201e-65   2.26880797e-38   1.00000000e+00 ...,   7.27685039e-05
    2.81734990e-11   5.24777579e-06]
 ..., 
 [  8.22963480e-03   1.24524523e-01   7.27685039e-05 ...,   1.00000000e+00
    2.08118605e-03   8.84480616e-02]
 [  6.76699890e-15   1.94839090e-01   2.81734990e-11 ...,   2.08118605e-03
    1.00000000e+00   9.72905539e-08]
 [  9.97046176e-01   3.56349694e-02   5.24777579e-06 ...,   8.84480616e-02
    9.72905539e-08   1.00000000e+00]]
epoch:  23  errors:  23.0108148853
sigmas:
[[ 626.82226704  546.11719246  109.72932881 ...,  518.55736318
   226.13440459  643.76175292]
 [ 546.11719246  178.52912012  124.9317084  ...,  567.3724007   804.85311607
   339.05021326]
 [ 109.72932881  124.9317084   721.14910571 ...,  430.08646875
   313.47286778  381.72680604]
 ..., 
 [ 518.55736318  567.3724007   430.08646875 ...,  377.36256226
   438.32326195  719.4870745 ]
 [ 226.13440459  804.85311607  313.47286778 ...,  438.32326195
   710.25924172  319.04697003]
 [ 643.76175292  339.05021326  381.72680604 ...,  719.4870745   319.04697003
   833.26453467]]
saving sigmas to:  ./sigmas/modelReal_singleUpdateII_Alpha1000_900/modelReal_singleUpdateII_Alpha1000_900_step24.npy
gm
[[  1.00000000e+00   2.56953821e-01   1.08389201e-65 ...,   8.22963475e-03
    6.76699890e-15   9.97046185e-01]
 [  2.56953821e-01   1.00000000e+00   2.26880797e-38 ...,   1.24524513e-01
    1.94839133e-01   3.56349641e-02]
 [  1.08389201e-65   2.26880797e-38   1.00000000e+00 ...,   7.27685039e-05
    2.81734990e-11   5.24777579e-06]
 ..., 
 [  8.22963475e-03   1.24524513e-01   7.27685039e-05 ...,   1.00000000e+00
    2.08118611e-03   8.84480614e-02]
 [  6.76699890e-15   1.94839133e-01   2.81734990e-11 ...,   2.08118611e-03
    1.00000000e+00   9.72905539e-08]
 [  9.97046185e-01   3.56349641e-02   5.24777579e-06 ...,   8.84480614e-02
    9.72905539e-08   1.00000000e+00]]
epoch:  24  errors:  23.0108346472
sigmas:
[[ 626.82226704  546.11718216  109.72932881 ...,  518.55736285
   226.13440459  643.76270836]
 [ 546.11718216  178.52912012  124.9317084  ...,  567.37238932
   804.85316959  339.05020577]
 [ 109.72932881  124.9317084   721.14910571 ...,  430.08646875
   313.47286778  381.72680604]
 ..., 
 [ 518.55736285  567.37238932  430.08646875 ...,  377.36256226
   438.32326297  719.48707413]
 [ 226.13440459  804.85316959  313.47286778 ...,  438.32326297
   710.25924172  319.04697003]
 [ 643.76270836  339.05020577  381.72680604 ...,  719.48707413
   319.04697003  833.26453467]]
saving sigmas to:  ./sigmas/modelReal_singleUpdateII_Alpha1000_900/modelReal_singleUpdateII_Alpha1000_900_step25.npy
gm
[[  1.00000000e+00   2.56953808e-01   1.08389201e-65 ...,   8.22963470e-03
    6.76699890e-15   9.97046194e-01]
 [  2.56953808e-01   1.00000000e+00   2.26880797e-38 ...,   1.24524503e-01
    1.94839175e-01   3.56349589e-02]
 [  1.08389201e-65   2.26880797e-38   1.00000000e+00 ...,   7.27685039e-05
    2.81734990e-11   5.24777579e-06]
 ..., 
 [  8.22963470e-03   1.24524503e-01   7.27685039e-05 ...,   1.00000000e+00
    2.08118617e-03   8.84480611e-02]
 [  6.76699890e-15   1.94839175e-01   2.81734990e-11 ...,   2.08118617e-03
    1.00000000e+00   9.72905539e-08]
 [  9.97046194e-01   3.56349589e-02   5.24777579e-06 ...,   8.84480611e-02
    9.72905539e-08   1.00000000e+00]]
epoch:  25  errors:  23.0108544091
sigmas:
[[ 626.82226704  546.11717185  109.72932881 ...,  518.55736253
   226.13440459  643.76366379]
 [ 546.11717185  178.52912012  124.9317084  ...,  567.37237795  804.8532231
   339.05019828]
 [ 109.72932881  124.9317084   721.14910571 ...,  430.08646875
   313.47286778  381.72680604]
 ..., 
 [ 518.55736253  567.37237795  430.08646875 ...,  377.36256226  438.323264
   719.48707377]
 [ 226.13440459  804.8532231   313.47286778 ...,  438.323264    710.25924172
   319.04697003]
 [ 643.76366379  339.05019828  381.72680604 ...,  719.48707377
   319.04697003  833.26453467]]
