Loading cqt and beats... 
Perform sync
Perform loadInterval2Frame
[[array([], dtype=float64), 'Silence'], [array([ 0, 18]), 'I'], [array([18, 50]), 'V'], [array([50, 81]), 'V'], [array([ 81, 113]), 'C'], [array([113, 130]), 'T'], [array([130, 161]), 'V'], [array([161, 193]), 'C'], [array([193, 242]), "T'"], [array([242, 274]), 'C'], [array([274, 321]), 'O'], [array([], dtype=float64), 'Silence']]
[[array([ 0, 18]), 'I'], [array([18, 50]), 'V'], [array([50, 81]), 'V'], [array([ 81, 113]), 'C'], [array([113, 130]), 'T'], [array([130, 161]), 'V'], [array([161, 193]), 'C'], [array([193, 242]), "T'"], [array([242, 274]), 'C'], [array([274, 321]), 'O']]
sigmas
[[ 557.17534848  485.43773341   97.53718116 ...,  460.93988564
   201.00835964  572.21143749]
 [ 485.43773341  158.69255122  111.05040747 ...,  504.3312756   715.42380287
   301.37813385]
 [  97.53718116  111.05040747  641.02142729 ...,  382.29908334
   278.64254914  339.31271648]
 ..., 
 [ 460.93988564  504.3312756   382.29908334 ...,  335.43338867
   389.62065445  639.54407431]
 [ 201.00835964  715.42380287  278.64254914 ...,  389.62065445  631.3415482
   283.59730669]
 [ 572.21143749  301.37813385  339.31271648 ...,  639.54407431
   283.59730669  740.67958638]]
gm.shape:  (322, 322)
[[  1.00000000e+00   1.79101218e-01   6.00695216e-83 ...,   2.29960691e-03
    1.16572221e-18   9.96262769e-01]
 [  1.79101218e-01   1.00000000e+00   2.27277537e-48 ...,   7.16033051e-02
    1.26180846e-01   1.46967227e-02]
 [  6.00695216e-83   2.27277537e-48   1.00000000e+00 ...,   5.79124814e-06
    4.44073386e-14   2.07715404e-07]
 ..., 
 [  2.29960691e-03   7.16033051e-02   5.79124814e-06 ...,   1.00000000e+00
    4.03633178e-04   4.64410934e-02]
 [  1.16572221e-18   1.26180846e-01   4.44073386e-14 ...,   4.03633178e-04
    1.00000000e+00   1.33514044e-09]
 [  9.96262769e-01   1.46967227e-02   2.07715404e-07 ...,   4.64410934e-02
    1.33514044e-09   1.00000000e+00]]
L_true
[[ 1.         -0.05555556 -0.05555556 ..., -0.         -0.         -0.        ]
 [-0.05555556  1.         -0.05555556 ..., -0.         -0.         -0.        ]
 [-0.05555556 -0.05555556  1.         ..., -0.         -0.         -0.        ]
 ..., 
 [-0.         -0.         -0.         ...,  1.         -0.0212766
  -0.0212766 ]
 [-0.         -0.         -0.         ..., -0.0212766   1.         -0.0212766 ]
 [-0.         -0.         -0.         ..., -0.0212766  -0.0212766   1.        ]]
gm.shape, m_true.shape:  (322, 322) (322, 322)
gm is symmetric:  True
m_true is symmetric:  True
errors:  30.2102850741
sigmas:
[[ 557.17534848  485.43770458   97.53718116 ...,  460.93988555
   201.00835964  572.21314305]
 [ 485.43770458  158.69255122  111.05040747 ...,  504.33124998
   715.42387309  301.37812975]
 [  97.53718116  111.05040747  641.02142729 ...,  382.29908334
   278.64254914  339.31271648]
 ..., 
 [ 460.93988555  504.33124998  382.29908334 ...,  335.43338867  389.620655
   639.54407315]
 [ 201.00835964  715.42387309  278.64254914 ...,  389.620655    631.3415482
   283.59730669]
 [ 572.21314305  301.37812975  339.31271648 ...,  639.54407315
   283.59730669  740.67958638]]
saving sigmas to:  ./sigmas/modelReal_singleUpdateII_Alpha1000_800/modelReal_singleUpdateII_Alpha1000_800_step0.npy
gm
[[  1.00000000e+00   1.79101182e-01   6.00695216e-83 ...,   2.29960690e-03
    1.16572221e-18   9.96262791e-01]
 [  1.79101182e-01   1.00000000e+00   2.27277537e-48 ...,   7.16032860e-02
    1.26180898e-01   1.46967210e-02]
 [  6.00695216e-83   2.27277537e-48   1.00000000e+00 ...,   5.79124814e-06
    4.44073386e-14   2.07715404e-07]
 ..., 
 [  2.29960690e-03   7.16032860e-02   5.79124814e-06 ...,   1.00000000e+00
    4.03633187e-04   4.64410929e-02]
 [  1.16572221e-18   1.26180898e-01   4.44073386e-14 ...,   4.03633187e-04
    1.00000000e+00   1.33514044e-09]
 [  9.96262791e-01   1.46967210e-02   2.07715404e-07 ...,   4.64410929e-02
    1.33514044e-09   1.00000000e+00]]
epoch:  0  errors:  30.2103219046
sigmas:
[[ 557.17534848  485.43767575   97.53718116 ...,  460.93988546
   201.00835964  572.21484862]
 [ 485.43767575  158.69255122  111.05040747 ...,  504.33122436
   715.42394332  301.37812565]
 [  97.53718116  111.05040747  641.02142729 ...,  382.29908334
   278.64254914  339.31271648]
 ..., 
 [ 460.93988546  504.33122436  382.29908334 ...,  335.43338867
   389.62065555  639.54407198]
 [ 201.00835964  715.42394332  278.64254914 ...,  389.62065555  631.3415482
   283.59730669]
 [ 572.21484862  301.37812565  339.31271648 ...,  639.54407198
   283.59730669  740.67958638]]
saving sigmas to:  ./sigmas/modelReal_singleUpdateII_Alpha1000_800/modelReal_singleUpdateII_Alpha1000_800_step1.npy
gm
[[  1.00000000e+00   1.79101145e-01   6.00695216e-83 ...,   2.29960690e-03
    1.16572221e-18   9.96262813e-01]
 [  1.79101145e-01   1.00000000e+00   2.27277537e-48 ...,   7.16032668e-02
    1.26180949e-01   1.46967193e-02]
 [  6.00695216e-83   2.27277537e-48   1.00000000e+00 ...,   5.79124814e-06
    4.44073386e-14   2.07715404e-07]
 ..., 
 [  2.29960690e-03   7.16032668e-02   5.79124814e-06 ...,   1.00000000e+00
    4.03633196e-04   4.64410924e-02]
 [  1.16572221e-18   1.26180949e-01   4.44073386e-14 ...,   4.03633196e-04
    1.00000000e+00   1.33514044e-09]
 [  9.96262813e-01   1.46967193e-02   2.07715404e-07 ...,   4.64410924e-02
    1.33514044e-09   1.00000000e+00]]
epoch:  1  errors:  30.2103587357
sigmas:
[[ 557.17534848  485.43764693   97.53718116 ...,  460.93988536
   201.00835964  572.21655418]
 [ 485.43764693  158.69255122  111.05040747 ...,  504.33119874
   715.42401355  301.37812155]
 [  97.53718116  111.05040747  641.02142729 ...,  382.29908334
   278.64254914  339.31271648]
 ..., 
 [ 460.93988536  504.33119874  382.29908334 ...,  335.43338867  389.6206561
   639.54407082]
 [ 201.00835964  715.42401355  278.64254914 ...,  389.6206561   631.3415482
   283.59730669]
 [ 572.21655418  301.37812155  339.31271648 ...,  639.54407082
   283.59730669  740.67958638]]
saving sigmas to:  ./sigmas/modelReal_singleUpdateII_Alpha1000_800/modelReal_singleUpdateII_Alpha1000_800_step2.npy
gm
[[  1.00000000e+00   1.79101109e-01   6.00695216e-83 ...,   2.29960689e-03
    1.16572221e-18   9.96262835e-01]
 [  1.79101109e-01   1.00000000e+00   2.27277537e-48 ...,   7.16032476e-02
    1.26181000e-01   1.46967177e-02]
 [  6.00695216e-83   2.27277537e-48   1.00000000e+00 ...,   5.79124814e-06
    4.44073386e-14   2.07715404e-07]
 ..., 
 [  2.29960689e-03   7.16032476e-02   5.79124814e-06 ...,   1.00000000e+00
    4.03633205e-04   4.64410919e-02]
 [  1.16572221e-18   1.26181000e-01   4.44073386e-14 ...,   4.03633205e-04
    1.00000000e+00   1.33514044e-09]
 [  9.96262835e-01   1.46967177e-02   2.07715404e-07 ...,   4.64410919e-02
    1.33514044e-09   1.00000000e+00]]
epoch:  2  errors:  30.2103955673
sigmas:
[[ 557.17534848  485.4376181    97.53718116 ...,  460.93988527
   201.00835964  572.21825974]
 [ 485.4376181   158.69255122  111.05040747 ...,  504.33117312
   715.42408378  301.37811745]
 [  97.53718116  111.05040747  641.02142729 ...,  382.29908334
   278.64254914  339.31271648]
 ..., 
 [ 460.93988527  504.33117312  382.29908334 ...,  335.43338867
   389.62065665  639.54406966]
 [ 201.00835964  715.42408378  278.64254914 ...,  389.62065665  631.3415482
   283.59730669]
 [ 572.21825974  301.37811745  339.31271648 ...,  639.54406966
   283.59730669  740.67958638]]
saving sigmas to:  ./sigmas/modelReal_singleUpdateII_Alpha1000_800/modelReal_singleUpdateII_Alpha1000_800_step3.npy
gm
[[  1.00000000e+00   1.79101072e-01   6.00695216e-83 ...,   2.29960689e-03
    1.16572221e-18   9.96262858e-01]
 [  1.79101072e-01   1.00000000e+00   2.27277537e-48 ...,   7.16032284e-02
    1.26181052e-01   1.46967160e-02]
 [  6.00695216e-83   2.27277537e-48   1.00000000e+00 ...,   5.79124814e-06
    4.44073386e-14   2.07715404e-07]
 ..., 
 [  2.29960689e-03   7.16032284e-02   5.79124814e-06 ...,   1.00000000e+00
    4.03633214e-04   4.64410914e-02]
 [  1.16572221e-18   1.26181052e-01   4.44073386e-14 ...,   4.03633214e-04
    1.00000000e+00   1.33514044e-09]
 [  9.96262858e-01   1.46967160e-02   2.07715404e-07 ...,   4.64410914e-02
    1.33514044e-09   1.00000000e+00]]
epoch:  3  errors:  30.2104323995
sigmas:
[[ 557.17534848  485.43758927   97.53718116 ...,  460.93988517
   201.00835964  572.21996531]
 [ 485.43758927  158.69255122  111.05040747 ...,  504.33114749
   715.42415401  301.37811335]
 [  97.53718116  111.05040747  641.02142729 ...,  382.29908334
   278.64254914  339.31271648]
 ..., 
 [ 460.93988517  504.33114749  382.29908334 ...,  335.43338867
   389.62065721  639.5440685 ]
 [ 201.00835964  715.42415401  278.64254914 ...,  389.62065721  631.3415482
   283.59730669]
 [ 572.21996531  301.37811335  339.31271648 ...,  639.5440685   283.59730669
   740.67958638]]
saving sigmas to:  ./sigmas/modelReal_singleUpdateII_Alpha1000_800/modelReal_singleUpdateII_Alpha1000_800_step4.npy
gm
[[  1.00000000e+00   1.79101036e-01   6.00695216e-83 ...,   2.29960688e-03
    1.16572221e-18   9.96262880e-01]
 [  1.79101036e-01   1.00000000e+00   2.27277537e-48 ...,   7.16032092e-02
    1.26181103e-01   1.46967143e-02]
 [  6.00695216e-83   2.27277537e-48   1.00000000e+00 ...,   5.79124814e-06
    4.44073386e-14   2.07715404e-07]
 ..., 
 [  2.29960688e-03   7.16032092e-02   5.79124814e-06 ...,   1.00000000e+00
    4.03633223e-04   4.64410909e-02]
 [  1.16572221e-18   1.26181103e-01   4.44073386e-14 ...,   4.03633223e-04
    1.00000000e+00   1.33514044e-09]
 [  9.96262880e-01   1.46967143e-02   2.07715404e-07 ...,   4.64410909e-02
    1.33514044e-09   1.00000000e+00]]
epoch:  4  errors:  30.2104692322
sigmas:
[[ 557.17534848  485.43756045   97.53718116 ...,  460.93988508
   201.00835964  572.22167087]
 [ 485.43756045  158.69255122  111.05040747 ...,  504.33112187
   715.42422424  301.37810925]
 [  97.53718116  111.05040747  641.02142729 ...,  382.29908334
   278.64254914  339.31271648]
 ..., 
 [ 460.93988508  504.33112187  382.29908334 ...,  335.43338867
   389.62065776  639.54406733]
 [ 201.00835964  715.42422424  278.64254914 ...,  389.62065776  631.3415482
   283.59730669]
 [ 572.22167087  301.37810925  339.31271648 ...,  639.54406733
   283.59730669  740.67958638]]
saving sigmas to:  ./sigmas/modelReal_singleUpdateII_Alpha1000_800/modelReal_singleUpdateII_Alpha1000_800_step5.npy
gm
[[  1.00000000e+00   1.79100999e-01   6.00695216e-83 ...,   2.29960688e-03
    1.16572221e-18   9.96262902e-01]
 [  1.79100999e-01   1.00000000e+00   2.27277537e-48 ...,   7.16031900e-02
    1.26181154e-01   1.46967126e-02]
 [  6.00695216e-83   2.27277537e-48   1.00000000e+00 ...,   5.79124814e-06
    4.44073386e-14   2.07715404e-07]
 ..., 
 [  2.29960688e-03   7.16031900e-02   5.79124814e-06 ...,   1.00000000e+00
    4.03633232e-04   4.64410903e-02]
 [  1.16572221e-18   1.26181154e-01   4.44073386e-14 ...,   4.03633232e-04
    1.00000000e+00   1.33514044e-09]
 [  9.96262902e-01   1.46967126e-02   2.07715404e-07 ...,   4.64410903e-02
    1.33514044e-09   1.00000000e+00]]
epoch:  5  errors:  30.2105060654
sigmas:
[[ 557.17534848  485.43753162   97.53718116 ...,  460.93988498
   201.00835964  572.22337644]
 [ 485.43753162  158.69255122  111.05040747 ...,  504.33109625
   715.42429447  301.37810514]
 [  97.53718116  111.05040747  641.02142729 ...,  382.29908334
   278.64254914  339.31271648]
 ..., 
 [ 460.93988498  504.33109625  382.29908334 ...,  335.43338867
   389.62065831  639.54406617]
 [ 201.00835964  715.42429447  278.64254914 ...,  389.62065831  631.3415482
   283.59730669]
 [ 572.22337644  301.37810514  339.31271648 ...,  639.54406617
   283.59730669  740.67958638]]
saving sigmas to:  ./sigmas/modelReal_singleUpdateII_Alpha1000_800/modelReal_singleUpdateII_Alpha1000_800_step6.npy
gm
[[  1.00000000e+00   1.79100962e-01   6.00695216e-83 ...,   2.29960687e-03
    1.16572221e-18   9.96262924e-01]
 [  1.79100962e-01   1.00000000e+00   2.27277537e-48 ...,   7.16031709e-02
    1.26181205e-01   1.46967109e-02]
 [  6.00695216e-83   2.27277537e-48   1.00000000e+00 ...,   5.79124814e-06
    4.44073386e-14   2.07715404e-07]
 ..., 
 [  2.29960687e-03   7.16031709e-02   5.79124814e-06 ...,   1.00000000e+00
    4.03633241e-04   4.64410898e-02]
 [  1.16572221e-18   1.26181205e-01   4.44073386e-14 ...,   4.03633241e-04
    1.00000000e+00   1.33514044e-09]
 [  9.96262924e-01   1.46967109e-02   2.07715404e-07 ...,   4.64410898e-02
    1.33514044e-09   1.00000000e+00]]
epoch:  6  errors:  30.2105428991
sigmas:
[[ 557.17534848  485.4375028    97.53718116 ...,  460.93988489
   201.00835964  572.225082  ]
 [ 485.4375028   158.69255122  111.05040747 ...,  504.33107063
   715.42436469  301.37810104]
 [  97.53718116  111.05040747  641.02142729 ...,  382.29908334
   278.64254914  339.31271648]
 ..., 
 [ 460.93988489  504.33107063  382.29908334 ...,  335.43338867
   389.62065886  639.54406501]
 [ 201.00835964  715.42436469  278.64254914 ...,  389.62065886  631.3415482
   283.59730669]
 [ 572.225082    301.37810104  339.31271648 ...,  639.54406501
   283.59730669  740.67958638]]
saving sigmas to:  ./sigmas/modelReal_singleUpdateII_Alpha1000_800/modelReal_singleUpdateII_Alpha1000_800_step7.npy
gm
[[  1.00000000e+00   1.79100926e-01   6.00695216e-83 ...,   2.29960686e-03
    1.16572221e-18   9.96262946e-01]
 [  1.79100926e-01   1.00000000e+00   2.27277537e-48 ...,   7.16031517e-02
    1.26181257e-01   1.46967092e-02]
 [  6.00695216e-83   2.27277537e-48   1.00000000e+00 ...,   5.79124814e-06
    4.44073386e-14   2.07715404e-07]
 ..., 
 [  2.29960686e-03   7.16031517e-02   5.79124814e-06 ...,   1.00000000e+00
    4.03633250e-04   4.64410893e-02]
 [  1.16572221e-18   1.26181257e-01   4.44073386e-14 ...,   4.03633250e-04
    1.00000000e+00   1.33514044e-09]
 [  9.96262946e-01   1.46967092e-02   2.07715404e-07 ...,   4.64410893e-02
    1.33514044e-09   1.00000000e+00]]
epoch:  7  errors:  30.2105797334
sigmas:
[[ 557.17534848  485.43747397   97.53718116 ...,  460.93988479
   201.00835964  572.22678757]
 [ 485.43747397  158.69255122  111.05040747 ...,  504.33104501
   715.42443492  301.37809694]
 [  97.53718116  111.05040747  641.02142729 ...,  382.29908334
   278.64254914  339.31271648]
 ..., 
 [ 460.93988479  504.33104501  382.29908334 ...,  335.43338867
   389.62065941  639.54406384]
 [ 201.00835964  715.42443492  278.64254914 ...,  389.62065941  631.3415482
   283.59730669]
 [ 572.22678757  301.37809694  339.31271648 ...,  639.54406384
   283.59730669  740.67958638]]
saving sigmas to:  ./sigmas/modelReal_singleUpdateII_Alpha1000_800/modelReal_singleUpdateII_Alpha1000_800_step8.npy
gm
[[  1.00000000e+00   1.79100889e-01   6.00695216e-83 ...,   2.29960686e-03
    1.16572221e-18   9.96262969e-01]
 [  1.79100889e-01   1.00000000e+00   2.27277537e-48 ...,   7.16031325e-02
    1.26181308e-01   1.46967075e-02]
 [  6.00695216e-83   2.27277537e-48   1.00000000e+00 ...,   5.79124814e-06
    4.44073386e-14   2.07715404e-07]
 ..., 
 [  2.29960686e-03   7.16031325e-02   5.79124814e-06 ...,   1.00000000e+00
    4.03633259e-04   4.64410888e-02]
 [  1.16572221e-18   1.26181308e-01   4.44073386e-14 ...,   4.03633259e-04
    1.00000000e+00   1.33514044e-09]
 [  9.96262969e-01   1.46967075e-02   2.07715404e-07 ...,   4.64410888e-02
    1.33514044e-09   1.00000000e+00]]
epoch:  8  errors:  30.2106165683
sigmas:
[[ 557.17534848  485.43744514   97.53718116 ...,  460.9398847   201.00835964
   572.22849314]
 [ 485.43744514  158.69255122  111.05040747 ...,  504.33101938
   715.42450515  301.37809284]
 [  97.53718116  111.05040747  641.02142729 ...,  382.29908334
   278.64254914  339.31271648]
 ..., 
 [ 460.9398847   504.33101938  382.29908334 ...,  335.43338867
   389.62065997  639.54406268]
 [ 201.00835964  715.42450515  278.64254914 ...,  389.62065997  631.3415482
   283.59730669]
 [ 572.22849314  301.37809284  339.31271648 ...,  639.54406268
   283.59730669  740.67958638]]
saving sigmas to:  ./sigmas/modelReal_singleUpdateII_Alpha1000_800/modelReal_singleUpdateII_Alpha1000_800_step9.npy
gm
[[  1.00000000e+00   1.79100853e-01   6.00695216e-83 ...,   2.29960685e-03
    1.16572221e-18   9.96262991e-01]
 [  1.79100853e-01   1.00000000e+00   2.27277537e-48 ...,   7.16031133e-02
    1.26181359e-01   1.46967058e-02]
 [  6.00695216e-83   2.27277537e-48   1.00000000e+00 ...,   5.79124814e-06
    4.44073386e-14   2.07715404e-07]
 ..., 
 [  2.29960685e-03   7.16031133e-02   5.79124814e-06 ...,   1.00000000e+00
    4.03633268e-04   4.64410883e-02]
 [  1.16572221e-18   1.26181359e-01   4.44073386e-14 ...,   4.03633268e-04
    1.00000000e+00   1.33514044e-09]
 [  9.96262991e-01   1.46967058e-02   2.07715404e-07 ...,   4.64410883e-02
    1.33514044e-09   1.00000000e+00]]
epoch:  9  errors:  30.2106534036
sigmas:
[[ 557.17534848  485.43741632   97.53718116 ...,  460.9398846   201.00835964
   572.23019871]
 [ 485.43741632  158.69255122  111.05040747 ...,  504.33099376
   715.42457538  301.37808874]
 [  97.53718116  111.05040747  641.02142729 ...,  382.29908334
   278.64254914  339.31271648]
 ..., 
 [ 460.9398846   504.33099376  382.29908334 ...,  335.43338867
   389.62066052  639.54406152]
 [ 201.00835964  715.42457538  278.64254914 ...,  389.62066052  631.3415482
   283.59730669]
 [ 572.23019871  301.37808874  339.31271648 ...,  639.54406152
   283.59730669  740.67958638]]
saving sigmas to:  ./sigmas/modelReal_singleUpdateII_Alpha1000_800/modelReal_singleUpdateII_Alpha1000_800_step10.npy
gm
[[  1.00000000e+00   1.79100816e-01   6.00695216e-83 ...,   2.29960685e-03
    1.16572221e-18   9.96263013e-01]
 [  1.79100816e-01   1.00000000e+00   2.27277537e-48 ...,   7.16030941e-02
    1.26181411e-01   1.46967041e-02]
 [  6.00695216e-83   2.27277537e-48   1.00000000e+00 ...,   5.79124814e-06
    4.44073386e-14   2.07715404e-07]
 ..., 
 [  2.29960685e-03   7.16030941e-02   5.79124814e-06 ...,   1.00000000e+00
    4.03633277e-04   4.64410877e-02]
 [  1.16572221e-18   1.26181411e-01   4.44073386e-14 ...,   4.03633277e-04
    1.00000000e+00   1.33514044e-09]
 [  9.96263013e-01   1.46967041e-02   2.07715404e-07 ...,   4.64410877e-02
    1.33514044e-09   1.00000000e+00]]
epoch:  10  errors:  30.2106902396
sigmas:
[[ 557.17534848  485.43738749   97.53718116 ...,  460.93988451
   201.00835964  572.23190427]
 [ 485.43738749  158.69255122  111.05040747 ...,  504.33096814
   715.42464561  301.37808464]
 [  97.53718116  111.05040747  641.02142729 ...,  382.29908334
   278.64254914  339.31271648]
 ..., 
 [ 460.93988451  504.33096814  382.29908334 ...,  335.43338867
   389.62066107  639.54406036]
 [ 201.00835964  715.42464561  278.64254914 ...,  389.62066107  631.3415482
   283.59730669]
 [ 572.23190427  301.37808464  339.31271648 ...,  639.54406036
   283.59730669  740.67958638]]
saving sigmas to:  ./sigmas/modelReal_singleUpdateII_Alpha1000_800/modelReal_singleUpdateII_Alpha1000_800_step11.npy
gm
[[  1.00000000e+00   1.79100779e-01   6.00695216e-83 ...,   2.29960684e-03
    1.16572221e-18   9.96263035e-01]
 [  1.79100779e-01   1.00000000e+00   2.27277537e-48 ...,   7.16030750e-02
    1.26181462e-01   1.46967025e-02]
 [  6.00695216e-83   2.27277537e-48   1.00000000e+00 ...,   5.79124814e-06
    4.44073386e-14   2.07715404e-07]
 ..., 
 [  2.29960684e-03   7.16030750e-02   5.79124814e-06 ...,   1.00000000e+00
    4.03633286e-04   4.64410872e-02]
 [  1.16572221e-18   1.26181462e-01   4.44073386e-14 ...,   4.03633286e-04
    1.00000000e+00   1.33514044e-09]
 [  9.96263035e-01   1.46967025e-02   2.07715404e-07 ...,   4.64410872e-02
    1.33514044e-09   1.00000000e+00]]
epoch:  11  errors:  30.210727076
sigmas:
[[ 557.17534848  485.43735866   97.53718116 ...,  460.93988441
   201.00835964  572.23360984]
 [ 485.43735866  158.69255122  111.05040747 ...,  504.33094252
   715.42471584  301.37808054]
 [  97.53718116  111.05040747  641.02142729 ...,  382.29908334
   278.64254914  339.31271648]
 ..., 
 [ 460.93988441  504.33094252  382.29908334 ...,  335.43338867
   389.62066162  639.54405919]
 [ 201.00835964  715.42471584  278.64254914 ...,  389.62066162  631.3415482
   283.59730669]
 [ 572.23360984  301.37808054  339.31271648 ...,  639.54405919
   283.59730669  740.67958638]]
saving sigmas to:  ./sigmas/modelReal_singleUpdateII_Alpha1000_800/modelReal_singleUpdateII_Alpha1000_800_step12.npy
gm
[[  1.00000000e+00   1.79100743e-01   6.00695216e-83 ...,   2.29960684e-03
    1.16572221e-18   9.96263058e-01]
 [  1.79100743e-01   1.00000000e+00   2.27277537e-48 ...,   7.16030558e-02
    1.26181513e-01   1.46967008e-02]
 [  6.00695216e-83   2.27277537e-48   1.00000000e+00 ...,   5.79124814e-06
    4.44073386e-14   2.07715404e-07]
 ..., 
 [  2.29960684e-03   7.16030558e-02   5.79124814e-06 ...,   1.00000000e+00
    4.03633294e-04   4.64410867e-02]
 [  1.16572221e-18   1.26181513e-01   4.44073386e-14 ...,   4.03633294e-04
    1.00000000e+00   1.33514044e-09]
 [  9.96263058e-01   1.46967008e-02   2.07715404e-07 ...,   4.64410867e-02
    1.33514044e-09   1.00000000e+00]]
epoch:  12  errors:  30.210763913
sigmas:
[[ 557.17534848  485.43732984   97.53718116 ...,  460.93988432
   201.00835964  572.23531541]
 [ 485.43732984  158.69255122  111.05040747 ...,  504.3309169   715.42478607
   301.37807643]
 [  97.53718116  111.05040747  641.02142729 ...,  382.29908334
   278.64254914  339.31271648]
 ..., 
 [ 460.93988432  504.3309169   382.29908334 ...,  335.43338867
   389.62066217  639.54405803]
 [ 201.00835964  715.42478607  278.64254914 ...,  389.62066217  631.3415482
   283.59730669]
 [ 572.23531541  301.37807643  339.31271648 ...,  639.54405803
   283.59730669  740.67958638]]
saving sigmas to:  ./sigmas/modelReal_singleUpdateII_Alpha1000_800/modelReal_singleUpdateII_Alpha1000_800_step13.npy
gm
[[  1.00000000e+00   1.79100706e-01   6.00695216e-83 ...,   2.29960683e-03
    1.16572221e-18   9.96263080e-01]
 [  1.79100706e-01   1.00000000e+00   2.27277537e-48 ...,   7.16030366e-02
    1.26181564e-01   1.46966991e-02]
 [  6.00695216e-83   2.27277537e-48   1.00000000e+00 ...,   5.79124814e-06
    4.44073386e-14   2.07715404e-07]
 ..., 
 [  2.29960683e-03   7.16030366e-02   5.79124814e-06 ...,   1.00000000e+00
    4.03633303e-04   4.64410862e-02]
 [  1.16572221e-18   1.26181564e-01   4.44073386e-14 ...,   4.03633303e-04
    1.00000000e+00   1.33514044e-09]
 [  9.96263080e-01   1.46966991e-02   2.07715404e-07 ...,   4.64410862e-02
    1.33514044e-09   1.00000000e+00]]
epoch:  13  errors:  30.2108007505
sigmas:
[[ 557.17534848  485.43730101   97.53718116 ...,  460.93988422
   201.00835964  572.23702098]
 [ 485.43730101  158.69255122  111.05040747 ...,  504.33089128  715.4248563
   301.37807233]
 [  97.53718116  111.05040747  641.02142729 ...,  382.29908334
   278.64254914  339.31271648]
 ..., 
 [ 460.93988422  504.33089128  382.29908334 ...,  335.43338867
   389.62066273  639.54405687]
 [ 201.00835964  715.4248563   278.64254914 ...,  389.62066273  631.3415482
   283.59730669]
 [ 572.23702098  301.37807233  339.31271648 ...,  639.54405687
   283.59730669  740.67958638]]
saving sigmas to:  ./sigmas/modelReal_singleUpdateII_Alpha1000_800/modelReal_singleUpdateII_Alpha1000_800_step14.npy
gm
[[  1.00000000e+00   1.79100670e-01   6.00695216e-83 ...,   2.29960682e-03
    1.16572221e-18   9.96263102e-01]
 [  1.79100670e-01   1.00000000e+00   2.27277537e-48 ...,   7.16030174e-02
    1.26181616e-01   1.46966974e-02]
 [  6.00695216e-83   2.27277537e-48   1.00000000e+00 ...,   5.79124814e-06
    4.44073386e-14   2.07715404e-07]
 ..., 
 [  2.29960682e-03   7.16030174e-02   5.79124814e-06 ...,   1.00000000e+00
    4.03633312e-04   4.64410857e-02]
 [  1.16572221e-18   1.26181616e-01   4.44073386e-14 ...,   4.03633312e-04
    1.00000000e+00   1.33514044e-09]
 [  9.96263102e-01   1.46966974e-02   2.07715404e-07 ...,   4.64410857e-02
    1.33514044e-09   1.00000000e+00]]
epoch:  14  errors:  30.2108375885
sigmas:
[[ 557.17534848  485.43727219   97.53718116 ...,  460.93988413
   201.00835964  572.23872655]
 [ 485.43727219  158.69255122  111.05040747 ...,  504.33086565
   715.42492653  301.37806823]
 [  97.53718116  111.05040747  641.02142729 ...,  382.29908334
   278.64254914  339.31271648]
 ..., 
 [ 460.93988413  504.33086565  382.29908334 ...,  335.43338867
   389.62066328  639.54405571]
 [ 201.00835964  715.42492653  278.64254914 ...,  389.62066328  631.3415482
   283.59730669]
 [ 572.23872655  301.37806823  339.31271648 ...,  639.54405571
   283.59730669  740.67958638]]
saving sigmas to:  ./sigmas/modelReal_singleUpdateII_Alpha1000_800/modelReal_singleUpdateII_Alpha1000_800_step15.npy
gm
[[  1.00000000e+00   1.79100633e-01   6.00695216e-83 ...,   2.29960682e-03
    1.16572221e-18   9.96263124e-01]
 [  1.79100633e-01   1.00000000e+00   2.27277537e-48 ...,   7.16029982e-02
    1.26181667e-01   1.46966957e-02]
 [  6.00695216e-83   2.27277537e-48   1.00000000e+00 ...,   5.79124814e-06
    4.44073386e-14   2.07715404e-07]
 ..., 
 [  2.29960682e-03   7.16029982e-02   5.79124814e-06 ...,   1.00000000e+00
    4.03633321e-04   4.64410852e-02]
 [  1.16572221e-18   1.26181667e-01   4.44073386e-14 ...,   4.03633321e-04
    1.00000000e+00   1.33514044e-09]
 [  9.96263124e-01   1.46966957e-02   2.07715404e-07 ...,   4.64410852e-02
    1.33514044e-09   1.00000000e+00]]
epoch:  15  errors:  30.2108744271
sigmas:
[[ 557.17534848  485.43724336   97.53718116 ...,  460.93988403
   201.00835964  572.24043212]
 [ 485.43724336  158.69255122  111.05040747 ...,  504.33084003
   715.42499675  301.37806413]
 [  97.53718116  111.05040747  641.02142729 ...,  382.29908334
   278.64254914  339.31271648]
 ..., 
 [ 460.93988403  504.33084003  382.29908334 ...,  335.43338867
   389.62066383  639.54405454]
 [ 201.00835964  715.42499675  278.64254914 ...,  389.62066383  631.3415482
   283.59730669]
 [ 572.24043212  301.37806413  339.31271648 ...,  639.54405454
   283.59730669  740.67958638]]
saving sigmas to:  ./sigmas/modelReal_singleUpdateII_Alpha1000_800/modelReal_singleUpdateII_Alpha1000_800_step16.npy
gm
[[  1.00000000e+00   1.79100597e-01   6.00695216e-83 ...,   2.29960681e-03
    1.16572221e-18   9.96263147e-01]
 [  1.79100597e-01   1.00000000e+00   2.27277537e-48 ...,   7.16029790e-02
    1.26181718e-01   1.46966940e-02]
 [  6.00695216e-83   2.27277537e-48   1.00000000e+00 ...,   5.79124814e-06
    4.44073386e-14   2.07715404e-07]
 ..., 
 [  2.29960681e-03   7.16029790e-02   5.79124814e-06 ...,   1.00000000e+00
    4.03633330e-04   4.64410846e-02]
 [  1.16572221e-18   1.26181718e-01   4.44073386e-14 ...,   4.03633330e-04
    1.00000000e+00   1.33514044e-09]
 [  9.96263147e-01   1.46966940e-02   2.07715404e-07 ...,   4.64410846e-02
    1.33514044e-09   1.00000000e+00]]
epoch:  16  errors:  30.2109112663
sigmas:
[[ 557.17534848  485.43721453   97.53718116 ...,  460.93988394
   201.00835964  572.24213769]
 [ 485.43721453  158.69255122  111.05040747 ...,  504.33081441
   715.42506698  301.37806003]
 [  97.53718116  111.05040747  641.02142729 ...,  382.29908334
   278.64254914  339.31271648]
 ..., 
 [ 460.93988394  504.33081441  382.29908334 ...,  335.43338867
   389.62066438  639.54405338]
 [ 201.00835964  715.42506698  278.64254914 ...,  389.62066438  631.3415482
   283.59730669]
 [ 572.24213769  301.37806003  339.31271648 ...,  639.54405338
   283.59730669  740.67958638]]
saving sigmas to:  ./sigmas/modelReal_singleUpdateII_Alpha1000_800/modelReal_singleUpdateII_Alpha1000_800_step17.npy
gm
[[  1.00000000e+00   1.79100560e-01   6.00695216e-83 ...,   2.29960681e-03
    1.16572221e-18   9.96263169e-01]
 [  1.79100560e-01   1.00000000e+00   2.27277537e-48 ...,   7.16029599e-02
    1.26181770e-01   1.46966923e-02]
 [  6.00695216e-83   2.27277537e-48   1.00000000e+00 ...,   5.79124814e-06
    4.44073386e-14   2.07715404e-07]
 ..., 
 [  2.29960681e-03   7.16029599e-02   5.79124814e-06 ...,   1.00000000e+00
    4.03633339e-04   4.64410841e-02]
 [  1.16572221e-18   1.26181770e-01   4.44073386e-14 ...,   4.03633339e-04
    1.00000000e+00   1.33514044e-09]
 [  9.96263169e-01   1.46966923e-02   2.07715404e-07 ...,   4.64410841e-02
    1.33514044e-09   1.00000000e+00]]
epoch:  17  errors:  30.2109481059
sigmas:
[[ 557.17534848  485.43718571   97.53718116 ...,  460.93988384
   201.00835964  572.24384326]
 [ 485.43718571  158.69255122  111.05040747 ...,  504.33078879
   715.42513721  301.37805593]
 [  97.53718116  111.05040747  641.02142729 ...,  382.29908334
   278.64254914  339.31271648]
 ..., 
 [ 460.93988384  504.33078879  382.29908334 ...,  335.43338867
   389.62066493  639.54405222]
 [ 201.00835964  715.42513721  278.64254914 ...,  389.62066493  631.3415482
   283.59730669]
 [ 572.24384326  301.37805593  339.31271648 ...,  639.54405222
   283.59730669  740.67958638]]
saving sigmas to:  ./sigmas/modelReal_singleUpdateII_Alpha1000_800/modelReal_singleUpdateII_Alpha1000_800_step18.npy
gm
[[  1.00000000e+00   1.79100523e-01   6.00695216e-83 ...,   2.29960680e-03
    1.16572221e-18   9.96263191e-01]
 [  1.79100523e-01   1.00000000e+00   2.27277537e-48 ...,   7.16029407e-02
    1.26181821e-01   1.46966906e-02]
 [  6.00695216e-83   2.27277537e-48   1.00000000e+00 ...,   5.79124814e-06
    4.44073386e-14   2.07715404e-07]
 ..., 
 [  2.29960680e-03   7.16029407e-02   5.79124814e-06 ...,   1.00000000e+00
    4.03633348e-04   4.64410836e-02]
 [  1.16572221e-18   1.26181821e-01   4.44073386e-14 ...,   4.03633348e-04
    1.00000000e+00   1.33514044e-09]
 [  9.96263191e-01   1.46966906e-02   2.07715404e-07 ...,   4.64410836e-02
    1.33514044e-09   1.00000000e+00]]
epoch:  18  errors:  30.2109849461
sigmas:
[[ 557.17534848  485.43715688   97.53718116 ...,  460.93988375
   201.00835964  572.24554884]
 [ 485.43715688  158.69255122  111.05040747 ...,  504.33076316
   715.42520744  301.37805183]
 [  97.53718116  111.05040747  641.02142729 ...,  382.29908334
   278.64254914  339.31271648]
 ..., 
 [ 460.93988375  504.33076316  382.29908334 ...,  335.43338867
   389.62066548  639.54405106]
 [ 201.00835964  715.42520744  278.64254914 ...,  389.62066548  631.3415482
   283.59730669]
 [ 572.24554884  301.37805183  339.31271648 ...,  639.54405106
   283.59730669  740.67958638]]
saving sigmas to:  ./sigmas/modelReal_singleUpdateII_Alpha1000_800/modelReal_singleUpdateII_Alpha1000_800_step19.npy
gm
[[  1.00000000e+00   1.79100487e-01   6.00695216e-83 ...,   2.29960679e-03
    1.16572221e-18   9.96263213e-01]
 [  1.79100487e-01   1.00000000e+00   2.27277537e-48 ...,   7.16029215e-02
    1.26181872e-01   1.46966890e-02]
 [  6.00695216e-83   2.27277537e-48   1.00000000e+00 ...,   5.79124814e-06
    4.44073386e-14   2.07715404e-07]
 ..., 
 [  2.29960679e-03   7.16029215e-02   5.79124814e-06 ...,   1.00000000e+00
    4.03633357e-04   4.64410831e-02]
 [  1.16572221e-18   1.26181872e-01   4.44073386e-14 ...,   4.03633357e-04
    1.00000000e+00   1.33514044e-09]
 [  9.96263213e-01   1.46966890e-02   2.07715404e-07 ...,   4.64410831e-02
    1.33514044e-09   1.00000000e+00]]
epoch:  19  errors:  30.2110217869
sigmas:
[[ 557.17534848  485.43712805   97.53718116 ...,  460.93988365
   201.00835964  572.24725441]
 [ 485.43712805  158.69255122  111.05040747 ...,  504.33073754
   715.42527767  301.37804773]
 [  97.53718116  111.05040747  641.02142729 ...,  382.29908334
   278.64254914  339.31271648]
 ..., 
 [ 460.93988365  504.33073754  382.29908334 ...,  335.43338867
   389.62066604  639.54404989]
 [ 201.00835964  715.42527767  278.64254914 ...,  389.62066604  631.3415482
   283.59730669]
 [ 572.24725441  301.37804773  339.31271648 ...,  639.54404989
   283.59730669  740.67958638]]
saving sigmas to:  ./sigmas/modelReal_singleUpdateII_Alpha1000_800/modelReal_singleUpdateII_Alpha1000_800_step20.npy
gm
[[  1.00000000e+00   1.79100450e-01   6.00695216e-83 ...,   2.29960679e-03
    1.16572221e-18   9.96263236e-01]
 [  1.79100450e-01   1.00000000e+00   2.27277537e-48 ...,   7.16029023e-02
    1.26181923e-01   1.46966873e-02]
 [  6.00695216e-83   2.27277537e-48   1.00000000e+00 ...,   5.79124814e-06
    4.44073386e-14   2.07715404e-07]
 ..., 
 [  2.29960679e-03   7.16029023e-02   5.79124814e-06 ...,   1.00000000e+00
    4.03633366e-04   4.64410826e-02]
 [  1.16572221e-18   1.26181923e-01   4.44073386e-14 ...,   4.03633366e-04
    1.00000000e+00   1.33514044e-09]
 [  9.96263236e-01   1.46966873e-02   2.07715404e-07 ...,   4.64410826e-02
    1.33514044e-09   1.00000000e+00]]
epoch:  20  errors:  30.2110586281
sigmas:
[[ 557.17534848  485.43709923   97.53718116 ...,  460.93988356
   201.00835964  572.24895998]
 [ 485.43709923  158.69255122  111.05040747 ...,  504.33071192  715.4253479
   301.37804362]
 [  97.53718116  111.05040747  641.02142729 ...,  382.29908334
   278.64254914  339.31271648]
 ..., 
 [ 460.93988356  504.33071192  382.29908334 ...,  335.43338867
   389.62066659  639.54404873]
 [ 201.00835964  715.4253479   278.64254914 ...,  389.62066659  631.3415482
   283.59730669]
 [ 572.24895998  301.37804362  339.31271648 ...,  639.54404873
   283.59730669  740.67958638]]
saving sigmas to:  ./sigmas/modelReal_singleUpdateII_Alpha1000_800/modelReal_singleUpdateII_Alpha1000_800_step21.npy
gm
[[  1.00000000e+00   1.79100414e-01   6.00695216e-83 ...,   2.29960678e-03
    1.16572221e-18   9.96263258e-01]
 [  1.79100414e-01   1.00000000e+00   2.27277537e-48 ...,   7.16028831e-02
    1.26181975e-01   1.46966856e-02]
 [  6.00695216e-83   2.27277537e-48   1.00000000e+00 ...,   5.79124814e-06
    4.44073386e-14   2.07715404e-07]
 ..., 
 [  2.29960678e-03   7.16028831e-02   5.79124814e-06 ...,   1.00000000e+00
    4.03633375e-04   4.64410820e-02]
 [  1.16572221e-18   1.26181975e-01   4.44073386e-14 ...,   4.03633375e-04
    1.00000000e+00   1.33514044e-09]
 [  9.96263258e-01   1.46966856e-02   2.07715404e-07 ...,   4.64410820e-02
    1.33514044e-09   1.00000000e+00]]
epoch:  21  errors:  30.21109547
sigmas:
[[ 557.17534848  485.4370704    97.53718116 ...,  460.93988346
   201.00835964  572.25066555]
 [ 485.4370704   158.69255122  111.05040747 ...,  504.3306863   715.42541813
   301.37803952]
 [  97.53718116  111.05040747  641.02142729 ...,  382.29908334
   278.64254914  339.31271648]
 ..., 
 [ 460.93988346  504.3306863   382.29908334 ...,  335.43338867
   389.62066714  639.54404757]
 [ 201.00835964  715.42541813  278.64254914 ...,  389.62066714  631.3415482
   283.59730669]
 [ 572.25066555  301.37803952  339.31271648 ...,  639.54404757
   283.59730669  740.67958638]]
saving sigmas to:  ./sigmas/modelReal_singleUpdateII_Alpha1000_800/modelReal_singleUpdateII_Alpha1000_800_step22.npy
gm
[[  1.00000000e+00   1.79100377e-01   6.00695216e-83 ...,   2.29960678e-03
    1.16572221e-18   9.96263280e-01]
 [  1.79100377e-01   1.00000000e+00   2.27277537e-48 ...,   7.16028639e-02
    1.26182026e-01   1.46966839e-02]
 [  6.00695216e-83   2.27277537e-48   1.00000000e+00 ...,   5.79124814e-06
    4.44073386e-14   2.07715404e-07]
 ..., 
 [  2.29960678e-03   7.16028639e-02   5.79124814e-06 ...,   1.00000000e+00
    4.03633384e-04   4.64410815e-02]
 [  1.16572221e-18   1.26182026e-01   4.44073386e-14 ...,   4.03633384e-04
    1.00000000e+00   1.33514044e-09]
 [  9.96263280e-01   1.46966839e-02   2.07715404e-07 ...,   4.64410815e-02
    1.33514044e-09   1.00000000e+00]]
epoch:  22  errors:  30.2111323123
sigmas:
[[ 557.17534848  485.43704158   97.53718116 ...,  460.93988337
   201.00835964  572.25237113]
 [ 485.43704158  158.69255122  111.05040747 ...,  504.33066068
   715.42548836  301.37803542]
 [  97.53718116  111.05040747  641.02142729 ...,  382.29908334
   278.64254914  339.31271648]
 ..., 
 [ 460.93988337  504.33066068  382.29908334 ...,  335.43338867
   389.62066769  639.54404641]
 [ 201.00835964  715.42548836  278.64254914 ...,  389.62066769  631.3415482
   283.59730669]
 [ 572.25237113  301.37803542  339.31271648 ...,  639.54404641
   283.59730669  740.67958638]]
saving sigmas to:  ./sigmas/modelReal_singleUpdateII_Alpha1000_800/modelReal_singleUpdateII_Alpha1000_800_step23.npy
gm
[[  1.00000000e+00   1.79100340e-01   6.00695216e-83 ...,   2.29960677e-03
    1.16572221e-18   9.96263302e-01]
 [  1.79100340e-01   1.00000000e+00   2.27277537e-48 ...,   7.16028448e-02
    1.26182077e-01   1.46966822e-02]
 [  6.00695216e-83   2.27277537e-48   1.00000000e+00 ...,   5.79124814e-06
    4.44073386e-14   2.07715404e-07]
 ..., 
 [  2.29960677e-03   7.16028448e-02   5.79124814e-06 ...,   1.00000000e+00
    4.03633393e-04   4.64410810e-02]
 [  1.16572221e-18   1.26182077e-01   4.44073386e-14 ...,   4.03633393e-04
    1.00000000e+00   1.33514044e-09]
 [  9.96263302e-01   1.46966822e-02   2.07715404e-07 ...,   4.64410810e-02
    1.33514044e-09   1.00000000e+00]]
epoch:  23  errors:  30.2111691552
sigmas:
[[ 557.17534848  485.43701275   97.53718116 ...,  460.93988327
   201.00835964  572.2540767 ]
 [ 485.43701275  158.69255122  111.05040747 ...,  504.33063505
   715.42555859  301.37803132]
 [  97.53718116  111.05040747  641.02142729 ...,  382.29908334
   278.64254914  339.31271648]
 ..., 
 [ 460.93988327  504.33063505  382.29908334 ...,  335.43338867
   389.62066824  639.54404524]
 [ 201.00835964  715.42555859  278.64254914 ...,  389.62066824  631.3415482
   283.59730669]
 [ 572.2540767   301.37803132  339.31271648 ...,  639.54404524
   283.59730669  740.67958638]]
saving sigmas to:  ./sigmas/modelReal_singleUpdateII_Alpha1000_800/modelReal_singleUpdateII_Alpha1000_800_step24.npy
gm
[[  1.00000000e+00   1.79100304e-01   6.00695216e-83 ...,   2.29960677e-03
    1.16572221e-18   9.96263324e-01]
 [  1.79100304e-01   1.00000000e+00   2.27277537e-48 ...,   7.16028256e-02
    1.26182128e-01   1.46966805e-02]
 [  6.00695216e-83   2.27277537e-48   1.00000000e+00 ...,   5.79124814e-06
    4.44073386e-14   2.07715404e-07]
 ..., 
 [  2.29960677e-03   7.16028256e-02   5.79124814e-06 ...,   1.00000000e+00
    4.03633402e-04   4.64410805e-02]
 [  1.16572221e-18   1.26182128e-01   4.44073386e-14 ...,   4.03633402e-04
    1.00000000e+00   1.33514044e-09]
 [  9.96263324e-01   1.46966805e-02   2.07715404e-07 ...,   4.64410805e-02
    1.33514044e-09   1.00000000e+00]]
epoch:  24  errors:  30.2112059986
sigmas:
[[ 557.17534848  485.43698392   97.53718116 ...,  460.93988318
   201.00835964  572.25578228]
 [ 485.43698392  158.69255122  111.05040747 ...,  504.33060943
   715.42562882  301.37802722]
 [  97.53718116  111.05040747  641.02142729 ...,  382.29908334
   278.64254914  339.31271648]
 ..., 
 [ 460.93988318  504.33060943  382.29908334 ...,  335.43338867  389.6206688
   639.54404408]
 [ 201.00835964  715.42562882  278.64254914 ...,  389.6206688   631.3415482
   283.59730669]
 [ 572.25578228  301.37802722  339.31271648 ...,  639.54404408
   283.59730669  740.67958638]]
saving sigmas to:  ./sigmas/modelReal_singleUpdateII_Alpha1000_800/modelReal_singleUpdateII_Alpha1000_800_step25.npy
gm
[[  1.00000000e+00   1.79100267e-01   6.00695216e-83 ...,   2.29960676e-03
    1.16572221e-18   9.96263347e-01]
 [  1.79100267e-01   1.00000000e+00   2.27277537e-48 ...,   7.16028064e-02
    1.26182180e-01   1.46966788e-02]
 [  6.00695216e-83   2.27277537e-48   1.00000000e+00 ...,   5.79124814e-06
    4.44073386e-14   2.07715404e-07]
 ..., 
 [  2.29960676e-03   7.16028064e-02   5.79124814e-06 ...,   1.00000000e+00
    4.03633411e-04   4.64410800e-02]
 [  1.16572221e-18   1.26182180e-01   4.44073386e-14 ...,   4.03633411e-04
    1.00000000e+00   1.33514044e-09]
 [  9.96263347e-01   1.46966788e-02   2.07715404e-07 ...,   4.64410800e-02
    1.33514044e-09   1.00000000e+00]]
epoch:  25  errors:  30.2112428426
sigmas:
[[ 557.17534848  485.4369551    97.53718116 ...,  460.93988308
   201.00835964  572.25748785]
 [ 485.4369551   158.69255122  111.05040747 ...,  504.33058381
   715.42569905  301.37802312]
 [  97.53718116  111.05040747  641.02142729 ...,  382.29908334
   278.64254914  339.31271648]
 ..., 
 [ 460.93988308  504.33058381  382.29908334 ...,  335.43338867
   389.62066935  639.54404292]
 [ 201.00835964  715.42569905  278.64254914 ...,  389.62066935  631.3415482
   283.59730669]
 [ 572.25748785  301.37802312  339.31271648 ...,  639.54404292
   283.59730669  740.67958638]]
saving sigmas to:  ./sigmas/modelReal_singleUpdateII_Alpha1000_800/modelReal_singleUpdateII_Alpha1000_800_step26.npy
gm
