Loading cqt and beats... 
Perform sync
Perform loadInterval2Frame
[[array([], dtype=float64), 'Silence'], [array([ 0, 18]), 'I'], [array([18, 50]), 'V'], [array([50, 81]), 'V'], [array([ 81, 113]), 'C'], [array([113, 130]), 'T'], [array([130, 161]), 'V'], [array([161, 193]), 'C'], [array([193, 242]), "T'"], [array([242, 274]), 'C'], [array([274, 321]), 'O'], [array([], dtype=float64), 'Silence']]
[[array([ 0, 18]), 'I'], [array([18, 50]), 'V'], [array([50, 81]), 'V'], [array([ 81, 113]), 'C'], [array([113, 130]), 'T'], [array([130, 161]), 'V'], [array([161, 193]), 'C'], [array([193, 242]), "T'"], [array([242, 274]), 'C'], [array([274, 321]), 'O']]
sigmas
[[ 1392.9383712   1213.59433351   243.84295291 ...,  1152.34971411
    502.5208991   1430.52859373]
 [ 1213.59433351   396.73137805   277.62601867 ...,  1260.82818901
   1788.55950717   753.44533464]
 [  243.84295291   277.62601867  1602.55356824 ...,   955.74770834
    696.60637285   848.28179121]
 ..., 
 [ 1152.34971411  1260.82818901   955.74770834 ...,   838.58347168
    974.05163612  1598.86018577]
 [  502.5208991   1788.55950717   696.60637285 ...,   974.05163612
   1578.35387049   708.99326672]
 [ 1430.52859373   753.44533464   848.28179121 ...,  1598.86018577
    708.99326672  1851.69896594]]
gm.shape:  (322, 322)
[[  1.00000000e+00   7.59444020e-01   6.99173031e-14 ...,   3.78324596e-01
    1.35099957e-03   9.99401102e-01]
 [  7.59444020e-01   1.00000000e+00   2.38258851e-08 ...,   6.55826998e-01
    7.18057049e-01   5.09043950e-01]
 [  6.99173031e-14   2.38258851e-08   1.00000000e+00 ...,   1.45225723e-01
    7.30453811e-03   8.52697506e-02]
 ..., 
 [  3.78324596e-01   6.55826998e-01   1.45225723e-01 ...,   1.00000000e+00
    2.86390031e-01   6.11933727e-01]
 [  1.35099957e-03   7.18057049e-01   7.30453811e-03 ...,   2.86390031e-01
    1.00000000e+00   3.80263212e-02]
 [  9.99401102e-01   5.09043950e-01   8.52697506e-02 ...,   6.11933727e-01
    3.80263212e-02   1.00000000e+00]]
L_true
[[ 1.         -0.05555556 -0.05555556 ..., -0.         -0.         -0.        ]
 [-0.05555556  1.         -0.05555556 ..., -0.         -0.         -0.        ]
 [-0.05555556 -0.05555556  1.         ..., -0.         -0.         -0.        ]
 ..., 
 [-0.         -0.         -0.         ...,  1.         -0.0212766
  -0.0212766 ]
 [-0.         -0.         -0.         ..., -0.0212766   1.         -0.0212766 ]
 [-0.         -0.         -0.         ..., -0.0212766  -0.0212766   1.        ]]
gm.shape, m_true.shape:  (322, 322) (322, 322)
gm is symmetric:  True
m_true is symmetric:  True
errors:  3.44524916855
sigmas:
[[ 1392.9383712   1213.59433166   243.84295291 ...,  1152.34971413
    502.5208991   1430.52860082]
 [ 1213.59433166   396.73137805   277.62601867 ...,  1260.82818975
   1788.55950873   753.44533351]
 [  243.84295291   277.62601867  1602.55356824 ...,   955.74770825
    696.60637285   848.28179114]
 ..., 
 [ 1152.34971413  1260.82818975   955.74770825 ...,   838.58347168
    974.05163641  1598.86018574]
 [  502.5208991   1788.55950873   696.60637285 ...,   974.05163641
   1578.35387049   708.9932672 ]
 [ 1430.52860082   753.44533351   848.28179114 ...,  1598.86018574
    708.9932672   1851.69896594]]
saving sigmas to:  ./sigmas/modelReal_batchUpdate_Alpha1500_2000/modelReal_batchUpdate_Alpha1500_2000_step0.npy
gm
[[  1.00000000e+00   7.59444019e-01   6.99173031e-14 ...,   3.78324596e-01
    1.35099957e-03   9.99401102e-01]
 [  7.59444019e-01   1.00000000e+00   2.38258851e-08 ...,   6.55826998e-01
    7.18057049e-01   5.09043949e-01]
 [  6.99173031e-14   2.38258851e-08   1.00000000e+00 ...,   1.45225723e-01
    7.30453811e-03   8.52697505e-02]
 ..., 
 [  3.78324596e-01   6.55826998e-01   1.45225723e-01 ...,   1.00000000e+00
    2.86390032e-01   6.11933727e-01]
 [  1.35099957e-03   7.18057049e-01   7.30453811e-03 ...,   2.86390032e-01
    1.00000000e+00   3.80263213e-02]
 [  9.99401102e-01   5.09043949e-01   8.52697505e-02 ...,   6.11933727e-01
    3.80263213e-02   1.00000000e+00]]
epoch:  0  errors:  3.44524916948
sigmas:
[[ 1392.9383712   1213.5943298    243.84295291 ...,  1152.34971414
    502.5208991   1430.52860791]
 [ 1213.5943298    396.73137805   277.62601867 ...,  1260.82819049
   1788.55951029   753.44533239]
 [  243.84295291   277.62601867  1602.55356824 ...,   955.74770817
    696.60637285   848.28179107]
 ..., 
 [ 1152.34971414  1260.82819049   955.74770817 ...,   838.58347168
    974.0516367   1598.86018571]
 [  502.5208991   1788.55951029   696.60637285 ...,   974.0516367
   1578.35387049   708.99326767]
 [ 1430.52860791   753.44533239   848.28179107 ...,  1598.86018571
    708.99326767  1851.69896594]]
saving sigmas to:  ./sigmas/modelReal_batchUpdate_Alpha1500_2000/modelReal_batchUpdate_Alpha1500_2000_step1.npy
gm
[[  1.00000000e+00   7.59444018e-01   6.99173031e-14 ...,   3.78324596e-01
    1.35099957e-03   9.99401102e-01]
 [  7.59444018e-01   1.00000000e+00   2.38258851e-08 ...,   6.55826999e-01
    7.18057050e-01   5.09043948e-01]
 [  6.99173031e-14   2.38258851e-08   1.00000000e+00 ...,   1.45225723e-01
    7.30453811e-03   8.52697505e-02]
 ..., 
 [  3.78324596e-01   6.55826999e-01   1.45225723e-01 ...,   1.00000000e+00
    2.86390032e-01   6.11933726e-01]
 [  1.35099957e-03   7.18057050e-01   7.30453811e-03 ...,   2.86390032e-01
    1.00000000e+00   3.80263215e-02]
 [  9.99401102e-01   5.09043948e-01   8.52697505e-02 ...,   6.11933726e-01
    3.80263215e-02   1.00000000e+00]]
epoch:  1  errors:  3.4452491704
sigmas:
[[ 1392.9383712   1213.59432794   243.84295291 ...,  1152.34971415
    502.5208991   1430.528615  ]
 [ 1213.59432794   396.73137805   277.62601867 ...,  1260.82819122
   1788.55951186   753.44533127]
 [  243.84295291   277.62601867  1602.55356824 ...,   955.74770808
    696.60637285   848.281791  ]
 ..., 
 [ 1152.34971415  1260.82819122   955.74770808 ...,   838.58347168
    974.051637    1598.86018568]
 [  502.5208991   1788.55951186   696.60637285 ...,   974.051637
   1578.35387049   708.99326814]
 [ 1430.528615     753.44533127   848.281791   ...,  1598.86018568
    708.99326814  1851.69896594]]
saving sigmas to:  ./sigmas/modelReal_batchUpdate_Alpha1500_2000/modelReal_batchUpdate_Alpha1500_2000_step2.npy
gm
[[  1.00000000e+00   7.59444018e-01   6.99173031e-14 ...,   3.78324596e-01
    1.35099957e-03   9.99401102e-01]
 [  7.59444018e-01   1.00000000e+00   2.38258851e-08 ...,   6.55826999e-01
    7.18057050e-01   5.09043947e-01]
 [  6.99173031e-14   2.38258851e-08   1.00000000e+00 ...,   1.45225723e-01
    7.30453811e-03   8.52697505e-02]
 ..., 
 [  3.78324596e-01   6.55826999e-01   1.45225723e-01 ...,   1.00000000e+00
    2.86390032e-01   6.11933726e-01]
 [  1.35099957e-03   7.18057050e-01   7.30453811e-03 ...,   2.86390032e-01
    1.00000000e+00   3.80263217e-02]
 [  9.99401102e-01   5.09043947e-01   8.52697505e-02 ...,   6.11933726e-01
    3.80263217e-02   1.00000000e+00]]
epoch:  2  errors:  3.44524917133
sigmas:
[[ 1392.9383712   1213.59432609   243.84295291 ...,  1152.34971417
    502.5208991   1430.5286221 ]
 [ 1213.59432609   396.73137805   277.62601867 ...,  1260.82819196
   1788.55951342   753.44533014]
 [  243.84295291   277.62601867  1602.55356824 ...,   955.747708
    696.60637285   848.28179093]
 ..., 
 [ 1152.34971417  1260.82819196   955.747708   ...,   838.58347168
    974.05163729  1598.86018565]
 [  502.5208991   1788.55951342   696.60637285 ...,   974.05163729
   1578.35387049   708.99326861]
 [ 1430.5286221    753.44533014   848.28179093 ...,  1598.86018565
    708.99326861  1851.69896594]]
saving sigmas to:  ./sigmas/modelReal_batchUpdate_Alpha1500_2000/modelReal_batchUpdate_Alpha1500_2000_step3.npy
gm
[[  1.00000000e+00   7.59444017e-01   6.99173031e-14 ...,   3.78324596e-01
    1.35099957e-03   9.99401102e-01]
 [  7.59444017e-01   1.00000000e+00   2.38258851e-08 ...,   6.55826999e-01
    7.18057051e-01   5.09043946e-01]
 [  6.99173031e-14   2.38258851e-08   1.00000000e+00 ...,   1.45225723e-01
    7.30453811e-03   8.52697504e-02]
 ..., 
 [  3.78324596e-01   6.55826999e-01   1.45225723e-01 ...,   1.00000000e+00
    2.86390032e-01   6.11933726e-01]
 [  1.35099957e-03   7.18057051e-01   7.30453811e-03 ...,   2.86390032e-01
    1.00000000e+00   3.80263218e-02]
 [  9.99401102e-01   5.09043946e-01   8.52697504e-02 ...,   6.11933726e-01
    3.80263218e-02   1.00000000e+00]]
epoch:  3  errors:  3.44524917225
sigmas:
[[ 1392.9383712   1213.59432423   243.84295291 ...,  1152.34971418
    502.5208991   1430.52862919]
 [ 1213.59432423   396.73137805   277.62601867 ...,  1260.8281927
   1788.55951499   753.44532902]
 [  243.84295291   277.62601867  1602.55356824 ...,   955.74770791
    696.60637285   848.28179086]
 ..., 
 [ 1152.34971418  1260.8281927    955.74770791 ...,   838.58347168
    974.05163758  1598.86018562]
 [  502.5208991   1788.55951499   696.60637285 ...,   974.05163758
   1578.35387049   708.99326909]
 [ 1430.52862919   753.44532902   848.28179086 ...,  1598.86018562
    708.99326909  1851.69896594]]
saving sigmas to:  ./sigmas/modelReal_batchUpdate_Alpha1500_2000/modelReal_batchUpdate_Alpha1500_2000_step4.npy
gm
[[  1.00000000e+00   7.59444016e-01   6.99173031e-14 ...,   3.78324596e-01
    1.35099957e-03   9.99401102e-01]
 [  7.59444016e-01   1.00000000e+00   2.38258851e-08 ...,   6.55827000e-01
    7.18057051e-01   5.09043945e-01]
 [  6.99173031e-14   2.38258851e-08   1.00000000e+00 ...,   1.45225723e-01
    7.30453811e-03   8.52697504e-02]
 ..., 
 [  3.78324596e-01   6.55827000e-01   1.45225723e-01 ...,   1.00000000e+00
    2.86390033e-01   6.11933726e-01]
 [  1.35099957e-03   7.18057051e-01   7.30453811e-03 ...,   2.86390033e-01
    1.00000000e+00   3.80263220e-02]
 [  9.99401102e-01   5.09043945e-01   8.52697504e-02 ...,   6.11933726e-01
    3.80263220e-02   1.00000000e+00]]
epoch:  4  errors:  3.44524917318
sigmas:
[[ 1392.9383712   1213.59432238   243.84295291 ...,  1152.34971419
    502.5208991   1430.52863628]
 [ 1213.59432238   396.73137805   277.62601867 ...,  1260.82819344
   1788.55951655   753.4453279 ]
 [  243.84295291   277.62601867  1602.55356824 ...,   955.74770782
    696.60637284   848.28179079]
 ..., 
 [ 1152.34971419  1260.82819344   955.74770782 ...,   838.58347168
    974.05163788  1598.86018559]
 [  502.5208991   1788.55951655   696.60637284 ...,   974.05163788
   1578.35387049   708.99326956]
 [ 1430.52863628   753.4453279    848.28179079 ...,  1598.86018559
    708.99326956  1851.69896594]]
saving sigmas to:  ./sigmas/modelReal_batchUpdate_Alpha1500_2000/modelReal_batchUpdate_Alpha1500_2000_step5.npy
gm
[[  1.00000000e+00   7.59444016e-01   6.99173031e-14 ...,   3.78324596e-01
    1.35099957e-03   9.99401102e-01]
 [  7.59444016e-01   1.00000000e+00   2.38258851e-08 ...,   6.55827000e-01
    7.18057051e-01   5.09043944e-01]
 [  6.99173031e-14   2.38258851e-08   1.00000000e+00 ...,   1.45225723e-01
    7.30453811e-03   8.52697504e-02]
 ..., 
 [  3.78324596e-01   6.55827000e-01   1.45225723e-01 ...,   1.00000000e+00
    2.86390033e-01   6.11933726e-01]
 [  1.35099957e-03   7.18057051e-01   7.30453811e-03 ...,   2.86390033e-01
    1.00000000e+00   3.80263222e-02]
 [  9.99401102e-01   5.09043944e-01   8.52697504e-02 ...,   6.11933726e-01
    3.80263222e-02   1.00000000e+00]]
epoch:  5  errors:  3.44524917411
sigmas:
[[ 1392.9383712   1213.59432052   243.84295291 ...,  1152.34971421
    502.5208991   1430.52864337]
 [ 1213.59432052   396.73137805   277.62601867 ...,  1260.82819418
   1788.55951811   753.44532678]
 [  243.84295291   277.62601867  1602.55356824 ...,   955.74770774
    696.60637284   848.28179072]
 ..., 
 [ 1152.34971421  1260.82819418   955.74770774 ...,   838.58347168
    974.05163817  1598.86018556]
 [  502.5208991   1788.55951811   696.60637284 ...,   974.05163817
   1578.35387049   708.99327003]
 [ 1430.52864337   753.44532678   848.28179072 ...,  1598.86018556
    708.99327003  1851.69896594]]
saving sigmas to:  ./sigmas/modelReal_batchUpdate_Alpha1500_2000/modelReal_batchUpdate_Alpha1500_2000_step6.npy
gm
[[  1.00000000e+00   7.59444015e-01   6.99173031e-14 ...,   3.78324596e-01
    1.35099957e-03   9.99401102e-01]
 [  7.59444015e-01   1.00000000e+00   2.38258851e-08 ...,   6.55827000e-01
    7.18057052e-01   5.09043943e-01]
 [  6.99173031e-14   2.38258851e-08   1.00000000e+00 ...,   1.45225723e-01
    7.30453811e-03   8.52697503e-02]
 ..., 
 [  3.78324596e-01   6.55827000e-01   1.45225723e-01 ...,   1.00000000e+00
    2.86390033e-01   6.11933726e-01]
 [  1.35099957e-03   7.18057052e-01   7.30453811e-03 ...,   2.86390033e-01
    1.00000000e+00   3.80263223e-02]
 [  9.99401102e-01   5.09043943e-01   8.52697503e-02 ...,   6.11933726e-01
    3.80263223e-02   1.00000000e+00]]
epoch:  6  errors:  3.44524917503
sigmas:
[[ 1392.9383712   1213.59431866   243.84295291 ...,  1152.34971422
    502.5208991   1430.52865046]
 [ 1213.59431866   396.73137805   277.62601867 ...,  1260.82819492
   1788.55951968   753.44532565]
 [  243.84295291   277.62601867  1602.55356824 ...,   955.74770765
    696.60637284   848.28179065]
 ..., 
 [ 1152.34971422  1260.82819492   955.74770765 ...,   838.58347168
    974.05163846  1598.86018553]
 [  502.5208991   1788.55951968   696.60637284 ...,   974.05163846
   1578.35387049   708.9932705 ]
 [ 1430.52865046   753.44532565   848.28179065 ...,  1598.86018553
    708.9932705   1851.69896594]]
saving sigmas to:  ./sigmas/modelReal_batchUpdate_Alpha1500_2000/modelReal_batchUpdate_Alpha1500_2000_step7.npy
gm
[[  1.00000000e+00   7.59444014e-01   6.99173031e-14 ...,   3.78324596e-01
    1.35099957e-03   9.99401102e-01]
 [  7.59444014e-01   1.00000000e+00   2.38258851e-08 ...,   6.55827001e-01
    7.18057052e-01   5.09043942e-01]
 [  6.99173031e-14   2.38258851e-08   1.00000000e+00 ...,   1.45225723e-01
    7.30453811e-03   8.52697503e-02]
 ..., 
 [  3.78324596e-01   6.55827001e-01   1.45225723e-01 ...,   1.00000000e+00
    2.86390033e-01   6.11933726e-01]
 [  1.35099957e-03   7.18057052e-01   7.30453811e-03 ...,   2.86390033e-01
    1.00000000e+00   3.80263225e-02]
 [  9.99401102e-01   5.09043942e-01   8.52697503e-02 ...,   6.11933726e-01
    3.80263225e-02   1.00000000e+00]]
epoch:  7  errors:  3.44524917596
sigmas:
[[ 1392.9383712   1213.59431681   243.84295291 ...,  1152.34971423
    502.5208991   1430.52865756]
 [ 1213.59431681   396.73137805   277.62601867 ...,  1260.82819566
   1788.55952124   753.44532453]
 [  243.84295291   277.62601867  1602.55356824 ...,   955.74770757
    696.60637284   848.28179058]
 ..., 
 [ 1152.34971423  1260.82819566   955.74770757 ...,   838.58347168
    974.05163875  1598.8601855 ]
 [  502.5208991   1788.55952124   696.60637284 ...,   974.05163875
   1578.35387049   708.99327097]
 [ 1430.52865756   753.44532453   848.28179058 ...,  1598.8601855
    708.99327097  1851.69896594]]
saving sigmas to:  ./sigmas/modelReal_batchUpdate_Alpha1500_2000/modelReal_batchUpdate_Alpha1500_2000_step8.npy
gm
[[  1.00000000e+00   7.59444014e-01   6.99173031e-14 ...,   3.78324596e-01
    1.35099957e-03   9.99401102e-01]
 [  7.59444014e-01   1.00000000e+00   2.38258851e-08 ...,   6.55827001e-01
    7.18057053e-01   5.09043941e-01]
 [  6.99173031e-14   2.38258851e-08   1.00000000e+00 ...,   1.45225723e-01
    7.30453811e-03   8.52697503e-02]
 ..., 
 [  3.78324596e-01   6.55827001e-01   1.45225723e-01 ...,   1.00000000e+00
    2.86390033e-01   6.11933726e-01]
 [  1.35099957e-03   7.18057053e-01   7.30453811e-03 ...,   2.86390033e-01
    1.00000000e+00   3.80263227e-02]
 [  9.99401102e-01   5.09043941e-01   8.52697503e-02 ...,   6.11933726e-01
    3.80263227e-02   1.00000000e+00]]
epoch:  8  errors:  3.44524917688
sigmas:
[[ 1392.9383712   1213.59431495   243.84295291 ...,  1152.34971425
    502.5208991   1430.52866465]
 [ 1213.59431495   396.73137805   277.62601867 ...,  1260.8281964
   1788.55952281   753.44532341]
 [  243.84295291   277.62601867  1602.55356824 ...,   955.74770748
    696.60637284   848.28179051]
 ..., 
 [ 1152.34971425  1260.8281964    955.74770748 ...,   838.58347168
    974.05163905  1598.86018547]
 [  502.5208991   1788.55952281   696.60637284 ...,   974.05163905
   1578.35387049   708.99327145]
 [ 1430.52866465   753.44532341   848.28179051 ...,  1598.86018547
    708.99327145  1851.69896594]]
saving sigmas to:  ./sigmas/modelReal_batchUpdate_Alpha1500_2000/modelReal_batchUpdate_Alpha1500_2000_step9.npy
gm
[[  1.00000000e+00   7.59444013e-01   6.99173031e-14 ...,   3.78324596e-01
    1.35099957e-03   9.99401102e-01]
 [  7.59444013e-01   1.00000000e+00   2.38258851e-08 ...,   6.55827001e-01
    7.18057053e-01   5.09043940e-01]
 [  6.99173031e-14   2.38258851e-08   1.00000000e+00 ...,   1.45225723e-01
    7.30453811e-03   8.52697502e-02]
 ..., 
 [  3.78324596e-01   6.55827001e-01   1.45225723e-01 ...,   1.00000000e+00
    2.86390034e-01   6.11933726e-01]
 [  1.35099957e-03   7.18057053e-01   7.30453811e-03 ...,   2.86390034e-01
    1.00000000e+00   3.80263228e-02]
 [  9.99401102e-01   5.09043940e-01   8.52697502e-02 ...,   6.11933726e-01
    3.80263228e-02   1.00000000e+00]]
epoch:  9  errors:  3.44524917781
[3.4452491694751068, 3.4452491704012251, 3.4452491713273341, 3.4452491722534453, 3.4452491731795569, 3.4452491741056659, 3.4452491750317806, 3.4452491759578909, 3.4452491768840043, 3.4452491778101075]
