Loading cqt and beats... 
Perform sync
Perform loadInterval2Frame
[[array([], dtype=float64), 'Silence'], [array([ 0, 18]), 'I'], [array([18, 50]), 'V'], [array([50, 81]), 'V'], [array([ 81, 113]), 'C'], [array([113, 130]), 'T'], [array([130, 161]), 'V'], [array([161, 193]), 'C'], [array([193, 242]), "T'"], [array([242, 274]), 'C'], [array([274, 321]), 'O'], [array([], dtype=float64), 'Silence']]
[[array([ 0, 18]), 'I'], [array([18, 50]), 'V'], [array([50, 81]), 'V'], [array([ 81, 113]), 'C'], [array([113, 130]), 'T'], [array([130, 161]), 'V'], [array([161, 193]), 'C'], [array([193, 242]), "T'"], [array([242, 274]), 'C'], [array([274, 321]), 'O']]
sigmas
[[ 69.64691856  60.67971668  12.19214765 ...,  57.61748571  25.12604495
   71.52642969]
 [ 60.67971668  19.8365689   13.88130093 ...,  63.04140945  89.42797536
   37.67226673]
 [ 12.19214765  13.88130093  80.12767841 ...,  47.78738542  34.83031864
   42.41408956]
 ..., 
 [ 57.61748571  63.04140945  47.78738542 ...,  41.92917358  48.70258181
   79.94300929]
 [ 25.12604495  89.42797536  34.83031864 ...,  48.70258181  78.91769352
   35.44966334]
 [ 71.52642969  37.67226673  42.41408956 ...,  79.94300929  35.44966334
   92.5849483 ]]
gm.shape:  (322, 322)
[[  1.00000000e+000   1.57872536e-048   0.00000000e+000 ...,
    1.39904189e-169   0.00000000e+000   7.86918285e-001]
 [  1.57872536e-048   1.00000000e+000   0.00000000e+000 ...,
    5.19656592e-074   2.90790311e-058   5.03630501e-118]
 [  0.00000000e+000   0.00000000e+000   1.00000000e+000 ...,
    0.00000000e+000   0.00000000e+000   0.00000000e+000]
 ..., 
 [  1.39904189e-169   5.19656592e-074   0.00000000e+000 ...,
    1.00000000e+000   6.06958348e-218   4.80569206e-086]
 [  0.00000000e+000   2.90790311e-058   0.00000000e+000 ...,
    6.06958348e-218   1.00000000e+000   0.00000000e+000]
 [  7.86918285e-001   5.03630501e-118   0.00000000e+000 ...,
    4.80569206e-086   0.00000000e+000   1.00000000e+000]]
L_true
[[ 1.         -0.05555556 -0.05555556 ..., -0.         -0.         -0.        ]
 [-0.05555556  1.         -0.05555556 ..., -0.         -0.         -0.        ]
 [-0.05555556 -0.05555556  1.         ..., -0.         -0.         -0.        ]
 ..., 
 [-0.         -0.         -0.         ...,  1.         -0.0212766
  -0.0212766 ]
 [-0.         -0.         -0.         ..., -0.0212766   1.         -0.0212766 ]
 [-0.         -0.         -0.         ..., -0.0212766  -0.0212766   1.        ]]
gm.shape, m_true.shape:  (322, 322) (322, 322)
gm is symmetric:  True
m_true is symmetric:  True
errors:  74.9817247842
