Loading cqt and beats... 
Perform sync
cqt_med.shape: (322, 84)
Perform loadInterval2Frame
[[array([], dtype=float64), 'Silence'], [array([ 0, 18]), 'I'], [array([18, 50]), 'V'], [array([50, 81]), 'V'], [array([ 81, 113]), 'C'], [array([113, 130]), 'T'], [array([130, 161]), 'V'], [array([161, 193]), 'C'], [array([193, 242]), "T'"], [array([242, 274]), 'C'], [array([274, 321]), 'O'], [array([], dtype=float64), 'Silence']]
[[array([ 0, 18]), 'I'], [array([18, 50]), 'V'], [array([50, 81]), 'V'], [array([ 81, 113]), 'C'], [array([113, 130]), 'T'], [array([130, 161]), 'V'], [array([161, 193]), 'C'], [array([193, 242]), "T'"], [array([242, 274]), 'C'], [array([274, 321]), 'O']]
sigmas
[[ 21.39293837  21.21359433  20.24384295 ...,  21.15234971  20.5025209
   21.43052859]
 [ 21.21359433  20.39673138  20.27762602 ...,  21.26082819  21.78855951
   20.75344533]
 [ 20.24384295  20.27762602  21.60255357 ...,  20.95574771  20.69660637
   20.84828179]
 ..., 
 [ 21.15234971  21.26082819  20.95574771 ...,  20.83858347  20.97405164
   21.59886019]
 [ 20.5025209   21.78855951  20.69660637 ...,  20.97405164  21.57835387
   20.70899327]
 [ 21.43052859  20.75344533  20.84828179 ...,  21.59886019  20.70899327
   21.85169897]]
gm.shape:  (322, 322)
[[ 1.          0.99993651  0.99969401 ...,  0.99987723  0.99981561
   0.99999993]
 [ 0.99993651  1.          0.99978492 ...,  0.99993454  0.99990162
   0.99993526]
 [ 0.99969401  0.99978492  1.         ...,  0.99976368  0.99969904
   0.99971266]
 ..., 
 [ 0.99987723  0.99993454  0.99976368 ...,  1.          0.99990378
   0.99988404]
 [ 0.99981561  0.99990162  0.99969904 ...,  0.99990378  1.          0.99982092]
 [ 0.99999993  0.99993526  0.99971266 ...,  0.99988404  0.99982092  1.        ]]
L_true
[[ 1.         -0.05555556 -0.05555556 ..., -0.         -0.         -0.        ]
 [-0.05555556  1.         -0.05555556 ..., -0.         -0.         -0.        ]
 [-0.05555556 -0.05555556  1.         ..., -0.         -0.         -0.        ]
 ..., 
 [-0.         -0.         -0.         ...,  1.         -0.0212766
  -0.0212766 ]
 [-0.         -0.         -0.         ..., -0.0212766   1.         -0.0212766 ]
 [-0.         -0.         -0.         ..., -0.0212766  -0.0212766   1.        ]]
gm.shape, m_true.shape:  (322, 322) (322, 322)
gm is symmetric:  True
m_true is symmetric:  True
errors:  2.37232792863
sigmas:
[[ 21.39293837  21.21359433  20.24384295 ...,  21.15234971  20.5025209
   21.43052859]
 [ 21.21359433  20.39673138  20.27762602 ...,  21.26082819  21.78855951
   20.75344533]
 [ 20.24384295  20.27762602  21.60255357 ...,  20.95574771  20.69660637
   20.84828179]
 ..., 
 [ 21.15234971  21.26082819  20.95574771 ...,  20.83858347  20.97405164
   21.59886019]
 [ 20.5025209   21.78855951  20.69660637 ...,  20.97405164  21.57835387
   20.70899338]
 [ 21.43052859  20.75344533  20.84828179 ...,  21.59886019  20.70899338
   21.85169897]]
saving sigmas to:  ./sigmas/modelReal_newUpdate_Alpha60_2/modelReal_newUpdate_Alpha60_2_step0.npy
gm
[[ 1.          0.99993651  0.99969401 ...,  0.99987723  0.99981561
   0.99999993]
 [ 0.99993651  1.          0.99978492 ...,  0.99993454  0.99990162
   0.99993526]
 [ 0.99969401  0.99978492  1.         ...,  0.99976368  0.99969904
   0.99971266]
 ..., 
 [ 0.99987723  0.99993454  0.99976368 ...,  1.          0.99990378
   0.99988404]
 [ 0.99981561  0.99990162  0.99969904 ...,  0.99990378  1.          0.99982092]
 [ 0.99999993  0.99993526  0.99971266 ...,  0.99988404  0.99982092  1.        ]]
epoch:  0  errors:  2.37232792863
sigmas:
[[ 21.39293837  21.21359433  20.24384295 ...,  21.15234971  20.5025209
   21.43052859]
 [ 21.21359433  20.39673138  20.27762602 ...,  21.26082819  21.78855951
   20.75344533]
 [ 20.24384295  20.27762602  21.60255357 ...,  20.95574771  20.69660637
   20.84828179]
 ..., 
 [ 21.15234971  21.26082819  20.95574771 ...,  20.83858347  20.97405164
   21.59886019]
 [ 20.5025209   21.78855951  20.69660637 ...,  20.97405164  21.57835387
   20.7089935 ]
 [ 21.43052859  20.75344533  20.84828179 ...,  21.59886019  20.7089935
   21.85169897]]
saving sigmas to:  ./sigmas/modelReal_newUpdate_Alpha60_2/modelReal_newUpdate_Alpha60_2_step1.npy
gm
[[ 1.          0.99993651  0.99969401 ...,  0.99987723  0.99981561
   0.99999993]
 [ 0.99993651  1.          0.99978492 ...,  0.99993454  0.99990162
   0.99993526]
 [ 0.99969401  0.99978492  1.         ...,  0.99976368  0.99969904
   0.99971266]
 ..., 
 [ 0.99987723  0.99993454  0.99976368 ...,  1.          0.99990378
   0.99988404]
 [ 0.99981561  0.99990162  0.99969904 ...,  0.99990378  1.          0.99982092]
 [ 0.99999993  0.99993526  0.99971266 ...,  0.99988404  0.99982092  1.        ]]
epoch:  1  errors:  2.37232792863
sigmas:
[[ 21.39293837  21.21359433  20.24384295 ...,  21.15234971  20.5025209
   21.43052859]
 [ 21.21359433  20.39673138  20.27762602 ...,  21.26082819  21.78855951
   20.75344533]
 [ 20.24384295  20.27762602  21.60255357 ...,  20.95574771  20.69660637
   20.84828179]
 ..., 
 [ 21.15234971  21.26082819  20.95574771 ...,  20.83858347  20.97405164
   21.59886019]
 [ 20.5025209   21.78855951  20.69660637 ...,  20.97405164  21.57835387
   20.70899362]
 [ 21.43052859  20.75344533  20.84828179 ...,  21.59886019  20.70899362
   21.85169897]]
saving sigmas to:  ./sigmas/modelReal_newUpdate_Alpha60_2/modelReal_newUpdate_Alpha60_2_step2.npy
gm
[[ 1.          0.99993651  0.99969401 ...,  0.99987723  0.99981561
   0.99999993]
 [ 0.99993651  1.          0.99978492 ...,  0.99993454  0.99990162
   0.99993526]
 [ 0.99969401  0.99978492  1.         ...,  0.99976368  0.99969904
   0.99971266]
 ..., 
 [ 0.99987723  0.99993454  0.99976368 ...,  1.          0.99990378
   0.99988404]
 [ 0.99981561  0.99990162  0.99969904 ...,  0.99990378  1.          0.99982092]
 [ 0.99999993  0.99993526  0.99971266 ...,  0.99988404  0.99982092  1.        ]]
epoch:  2  errors:  2.37232792863
sigmas:
[[ 21.39293837  21.21359433  20.24384295 ...,  21.15234971  20.5025209
   21.43052859]
 [ 21.21359433  20.39673138  20.27762602 ...,  21.26082819  21.78855951
   20.75344533]
 [ 20.24384295  20.27762602  21.60255357 ...,  20.95574771  20.69660637
   20.84828179]
 ..., 
 [ 21.15234971  21.26082819  20.95574771 ...,  20.83858347  20.97405164
   21.59886019]
 [ 20.5025209   21.78855951  20.69660637 ...,  20.97405164  21.57835387
   20.70899374]
 [ 21.43052859  20.75344533  20.84828179 ...,  21.59886019  20.70899374
   21.85169897]]
saving sigmas to:  ./sigmas/modelReal_newUpdate_Alpha60_2/modelReal_newUpdate_Alpha60_2_step3.npy
gm
[[ 1.          0.99993651  0.99969401 ...,  0.99987723  0.99981561
   0.99999993]
 [ 0.99993651  1.          0.99978492 ...,  0.99993454  0.99990162
   0.99993526]
 [ 0.99969401  0.99978492  1.         ...,  0.99976368  0.99969904
   0.99971266]
 ..., 
 [ 0.99987723  0.99993454  0.99976368 ...,  1.          0.99990378
   0.99988404]
 [ 0.99981561  0.99990162  0.99969904 ...,  0.99990378  1.          0.99982092]
 [ 0.99999993  0.99993526  0.99971266 ...,  0.99988404  0.99982092  1.        ]]
epoch:  3  errors:  2.37232792863
sigmas:
[[ 21.39293837  21.21359433  20.24384295 ...,  21.15234971  20.5025209
   21.43052859]
 [ 21.21359433  20.39673138  20.27762602 ...,  21.26082819  21.78855951
   20.75344533]
 [ 20.24384295  20.27762602  21.60255357 ...,  20.95574771  20.69660637
   20.84828179]
 ..., 
 [ 21.15234971  21.26082819  20.95574771 ...,  20.83858347  20.97405164
   21.59886018]
 [ 20.5025209   21.78855951  20.69660637 ...,  20.97405164  21.57835387
   20.70899385]
 [ 21.43052859  20.75344533  20.84828179 ...,  21.59886018  20.70899385
   21.85169897]]
saving sigmas to:  ./sigmas/modelReal_newUpdate_Alpha60_2/modelReal_newUpdate_Alpha60_2_step4.npy
gm
[[ 1.          0.99993651  0.99969401 ...,  0.99987723  0.99981561
   0.99999993]
 [ 0.99993651  1.          0.99978492 ...,  0.99993454  0.99990162
   0.99993526]
 [ 0.99969401  0.99978492  1.         ...,  0.99976368  0.99969904
   0.99971266]
 ..., 
 [ 0.99987723  0.99993454  0.99976368 ...,  1.          0.99990378
   0.99988404]
 [ 0.99981561  0.99990162  0.99969904 ...,  0.99990378  1.          0.99982092]
 [ 0.99999993  0.99993526  0.99971266 ...,  0.99988404  0.99982092  1.        ]]
epoch:  4  errors:  2.37232792863
sigmas:
[[ 21.39293837  21.21359433  20.24384295 ...,  21.15234971  20.5025209
   21.43052859]
 [ 21.21359433  20.39673138  20.27762602 ...,  21.26082819  21.78855951
   20.75344533]
 [ 20.24384295  20.27762602  21.60255357 ...,  20.95574771  20.69660637
   20.84828179]
 ..., 
 [ 21.15234971  21.26082819  20.95574771 ...,  20.83858347  20.97405164
   21.59886018]
 [ 20.5025209   21.78855951  20.69660637 ...,  20.97405164  21.57835387
   20.70899397]
 [ 21.43052859  20.75344533  20.84828179 ...,  21.59886018  20.70899397
   21.85169897]]
saving sigmas to:  ./sigmas/modelReal_newUpdate_Alpha60_2/modelReal_newUpdate_Alpha60_2_step5.npy
gm
[[ 1.          0.99993651  0.99969401 ...,  0.99987723  0.99981561
   0.99999993]
 [ 0.99993651  1.          0.99978492 ...,  0.99993454  0.99990162
   0.99993526]
 [ 0.99969401  0.99978492  1.         ...,  0.99976368  0.99969904
   0.99971266]
 ..., 
 [ 0.99987723  0.99993454  0.99976368 ...,  1.          0.99990378
   0.99988404]
 [ 0.99981561  0.99990162  0.99969904 ...,  0.99990378  1.          0.99982092]
 [ 0.99999993  0.99993526  0.99971266 ...,  0.99988404  0.99982092  1.        ]]
epoch:  5  errors:  2.37232792863
sigmas:
[[ 21.39293837  21.21359433  20.24384295 ...,  21.15234971  20.5025209
   21.43052859]
 [ 21.21359433  20.39673138  20.27762602 ...,  21.26082819  21.78855951
   20.75344533]
 [ 20.24384295  20.27762602  21.60255357 ...,  20.95574771  20.69660637
   20.84828179]
 ..., 
 [ 21.15234971  21.26082819  20.95574771 ...,  20.83858347  20.97405163
   21.59886018]
 [ 20.5025209   21.78855951  20.69660637 ...,  20.97405163  21.57835387
   20.70899409]
 [ 21.43052859  20.75344533  20.84828179 ...,  21.59886018  20.70899409
   21.85169897]]
saving sigmas to:  ./sigmas/modelReal_newUpdate_Alpha60_2/modelReal_newUpdate_Alpha60_2_step6.npy
gm
[[ 1.          0.99993651  0.99969401 ...,  0.99987723  0.99981561
   0.99999993]
 [ 0.99993651  1.          0.99978492 ...,  0.99993454  0.99990162
   0.99993526]
 [ 0.99969401  0.99978492  1.         ...,  0.99976368  0.99969904
   0.99971266]
 ..., 
 [ 0.99987723  0.99993454  0.99976368 ...,  1.          0.99990378
   0.99988404]
 [ 0.99981561  0.99990162  0.99969904 ...,  0.99990378  1.          0.99982092]
 [ 0.99999993  0.99993526  0.99971266 ...,  0.99988404  0.99982092  1.        ]]
epoch:  6  errors:  2.37232792863
sigmas:
[[ 21.39293837  21.21359433  20.24384295 ...,  21.15234971  20.5025209
   21.43052859]
 [ 21.21359433  20.39673138  20.27762602 ...,  21.26082819  21.78855951
   20.75344533]
 [ 20.24384295  20.27762602  21.60255357 ...,  20.95574771  20.69660637
   20.84828179]
 ..., 
 [ 21.15234971  21.26082819  20.95574771 ...,  20.83858347  20.97405163
   21.59886018]
 [ 20.5025209   21.78855951  20.69660637 ...,  20.97405163  21.57835387
   20.7089942 ]
 [ 21.43052859  20.75344533  20.84828179 ...,  21.59886018  20.7089942
   21.85169897]]
saving sigmas to:  ./sigmas/modelReal_newUpdate_Alpha60_2/modelReal_newUpdate_Alpha60_2_step7.npy
gm
[[ 1.          0.99993651  0.99969401 ...,  0.99987723  0.99981561
   0.99999993]
 [ 0.99993651  1.          0.99978492 ...,  0.99993454  0.99990162
   0.99993526]
 [ 0.99969401  0.99978492  1.         ...,  0.99976368  0.99969904
   0.99971266]
 ..., 
 [ 0.99987723  0.99993454  0.99976368 ...,  1.          0.99990378
   0.99988404]
 [ 0.99981561  0.99990162  0.99969904 ...,  0.99990378  1.          0.99982092]
 [ 0.99999993  0.99993526  0.99971266 ...,  0.99988404  0.99982092  1.        ]]
epoch:  7  errors:  2.37232792863
sigmas:
[[ 21.39293837  21.21359433  20.24384295 ...,  21.15234971  20.5025209
   21.43052859]
 [ 21.21359433  20.39673138  20.27762602 ...,  21.26082819  21.78855951
   20.75344533]
 [ 20.24384295  20.27762602  21.60255357 ...,  20.95574771  20.69660637
   20.84828179]
 ..., 
 [ 21.15234971  21.26082819  20.95574771 ...,  20.83858347  20.97405163
   21.59886018]
 [ 20.5025209   21.78855951  20.69660637 ...,  20.97405163  21.57835387
   20.70899432]
 [ 21.43052859  20.75344533  20.84828179 ...,  21.59886018  20.70899432
   21.85169897]]
saving sigmas to:  ./sigmas/modelReal_newUpdate_Alpha60_2/modelReal_newUpdate_Alpha60_2_step8.npy
gm
[[ 1.          0.99993651  0.99969401 ...,  0.99987723  0.99981561
   0.99999993]
 [ 0.99993651  1.          0.99978492 ...,  0.99993454  0.99990162
   0.99993526]
 [ 0.99969401  0.99978492  1.         ...,  0.99976368  0.99969904
   0.99971266]
 ..., 
 [ 0.99987723  0.99993454  0.99976368 ...,  1.          0.99990378
   0.99988404]
 [ 0.99981561  0.99990162  0.99969904 ...,  0.99990378  1.          0.99982092]
 [ 0.99999993  0.99993526  0.99971266 ...,  0.99988404  0.99982092  1.        ]]
epoch:  8  errors:  2.37232792863
sigmas:
[[ 21.39293837  21.21359433  20.24384295 ...,  21.15234971  20.5025209
   21.43052859]
 [ 21.21359433  20.39673138  20.27762602 ...,  21.26082819  21.78855951
   20.75344533]
 [ 20.24384295  20.27762602  21.60255357 ...,  20.95574771  20.69660637
   20.84828179]
 ..., 
 [ 21.15234971  21.26082819  20.95574771 ...,  20.83858347  20.97405163
   21.59886018]
 [ 20.5025209   21.78855951  20.69660637 ...,  20.97405163  21.57835387
   20.70899444]
 [ 21.43052859  20.75344533  20.84828179 ...,  21.59886018  20.70899444
   21.85169897]]
saving sigmas to:  ./sigmas/modelReal_newUpdate_Alpha60_2/modelReal_newUpdate_Alpha60_2_step9.npy
gm
[[ 1.          0.99993651  0.99969401 ...,  0.99987723  0.99981561
   0.99999993]
 [ 0.99993651  1.          0.99978492 ...,  0.99993454  0.99990162
   0.99993526]
 [ 0.99969401  0.99978492  1.         ...,  0.99976368  0.99969904
   0.99971266]
 ..., 
 [ 0.99987723  0.99993454  0.99976368 ...,  1.          0.99990378
   0.99988404]
 [ 0.99981561  0.99990162  0.99969904 ...,  0.99990378  1.          0.99982092]
 [ 0.99999993  0.99993526  0.99971266 ...,  0.99988404  0.99982092  1.        ]]
epoch:  9  errors:  2.37232792863
sigmas:
[[ 21.39293837  21.21359433  20.24384295 ...,  21.15234971  20.5025209
   21.43052859]
 [ 21.21359433  20.39673138  20.27762602 ...,  21.26082819  21.78855951
   20.75344533]
 [ 20.24384295  20.27762602  21.60255357 ...,  20.95574771  20.69660637
   20.84828179]
 ..., 
 [ 21.15234971  21.26082819  20.95574771 ...,  20.83858347  20.97405163
   21.59886018]
 [ 20.5025209   21.78855951  20.69660637 ...,  20.97405163  21.57835387
   20.70899455]
 [ 21.43052859  20.75344533  20.84828179 ...,  21.59886018  20.70899455
   21.85169897]]
saving sigmas to:  ./sigmas/modelReal_newUpdate_Alpha60_2/modelReal_newUpdate_Alpha60_2_step10.npy
gm
[[ 1.          0.99993651  0.99969401 ...,  0.99987723  0.99981561
   0.99999993]
 [ 0.99993651  1.          0.99978492 ...,  0.99993454  0.99990162
   0.99993526]
 [ 0.99969401  0.99978492  1.         ...,  0.99976368  0.99969904
   0.99971266]
 ..., 
 [ 0.99987723  0.99993454  0.99976368 ...,  1.          0.99990378
   0.99988404]
 [ 0.99981561  0.99990162  0.99969904 ...,  0.99990378  1.          0.99982092]
 [ 0.99999993  0.99993526  0.99971266 ...,  0.99988404  0.99982092  1.        ]]
epoch:  10  errors:  2.37232792863
sigmas:
[[ 21.39293837  21.21359433  20.24384295 ...,  21.15234971  20.5025209
   21.43052859]
 [ 21.21359433  20.39673138  20.27762602 ...,  21.26082819  21.78855951
   20.75344533]
 [ 20.24384295  20.27762602  21.60255357 ...,  20.95574771  20.69660637
   20.84828179]
 ..., 
 [ 21.15234971  21.26082819  20.95574771 ...,  20.83858347  20.97405163
   21.59886018]
 [ 20.5025209   21.78855951  20.69660637 ...,  20.97405163  21.57835387
   20.70899467]
 [ 21.43052859  20.75344533  20.84828179 ...,  21.59886018  20.70899467
   21.85169897]]
saving sigmas to:  ./sigmas/modelReal_newUpdate_Alpha60_2/modelReal_newUpdate_Alpha60_2_step11.npy
gm
[[ 1.          0.99993651  0.99969401 ...,  0.99987723  0.99981561
   0.99999993]
 [ 0.99993651  1.          0.99978492 ...,  0.99993454  0.99990162
   0.99993526]
 [ 0.99969401  0.99978492  1.         ...,  0.99976368  0.99969904
   0.99971266]
 ..., 
 [ 0.99987723  0.99993454  0.99976368 ...,  1.          0.99990378
   0.99988404]
 [ 0.99981561  0.99990162  0.99969904 ...,  0.99990378  1.          0.99982092]
 [ 0.99999993  0.99993526  0.99971266 ...,  0.99988404  0.99982092  1.        ]]
epoch:  11  errors:  2.37232792863
sigmas:
[[ 21.39293837  21.21359433  20.24384295 ...,  21.15234971  20.5025209
   21.43052859]
 [ 21.21359433  20.39673138  20.27762602 ...,  21.26082819  21.78855951
   20.75344533]
 [ 20.24384295  20.27762602  21.60255357 ...,  20.95574771  20.69660637
   20.84828179]
 ..., 
 [ 21.15234971  21.26082819  20.95574771 ...,  20.83858347  20.97405163
   21.59886018]
 [ 20.5025209   21.78855951  20.69660637 ...,  20.97405163  21.57835387
   20.70899479]
 [ 21.43052859  20.75344533  20.84828179 ...,  21.59886018  20.70899479
   21.85169897]]
saving sigmas to:  ./sigmas/modelReal_newUpdate_Alpha60_2/modelReal_newUpdate_Alpha60_2_step12.npy
gm
[[ 1.          0.99993651  0.99969401 ...,  0.99987723  0.99981561
   0.99999993]
 [ 0.99993651  1.          0.99978492 ...,  0.99993454  0.99990162
   0.99993526]
 [ 0.99969401  0.99978492  1.         ...,  0.99976368  0.99969904
   0.99971266]
 ..., 
 [ 0.99987723  0.99993454  0.99976368 ...,  1.          0.99990378
   0.99988404]
 [ 0.99981561  0.99990162  0.99969904 ...,  0.99990378  1.          0.99982092]
 [ 0.99999993  0.99993526  0.99971266 ...,  0.99988404  0.99982092  1.        ]]
epoch:  12  errors:  2.37232792863
sigmas:
[[ 21.39293837  21.21359433  20.24384295 ...,  21.15234971  20.5025209
   21.43052859]
 [ 21.21359433  20.39673138  20.27762602 ...,  21.26082819  21.78855951
   20.75344533]
 [ 20.24384295  20.27762602  21.60255357 ...,  20.95574771  20.69660637
   20.84828179]
 ..., 
 [ 21.15234971  21.26082819  20.95574771 ...,  20.83858347  20.97405163
   21.59886018]
 [ 20.5025209   21.78855951  20.69660637 ...,  20.97405163  21.57835387
   20.70899491]
 [ 21.43052859  20.75344533  20.84828179 ...,  21.59886018  20.70899491
   21.85169897]]
saving sigmas to:  ./sigmas/modelReal_newUpdate_Alpha60_2/modelReal_newUpdate_Alpha60_2_step13.npy
gm
[[ 1.          0.99993651  0.99969401 ...,  0.99987723  0.99981561
   0.99999993]
 [ 0.99993651  1.          0.99978492 ...,  0.99993454  0.99990162
   0.99993526]
 [ 0.99969401  0.99978492  1.         ...,  0.99976368  0.99969904
   0.99971266]
 ..., 
 [ 0.99987723  0.99993454  0.99976368 ...,  1.          0.99990378
   0.99988404]
 [ 0.99981561  0.99990162  0.99969904 ...,  0.99990378  1.          0.99982092]
 [ 0.99999993  0.99993526  0.99971266 ...,  0.99988404  0.99982092  1.        ]]
epoch:  13  errors:  2.37232792863
sigmas:
[[ 21.39293837  21.21359433  20.24384295 ...,  21.15234971  20.5025209
   21.43052859]
 [ 21.21359433  20.39673138  20.27762602 ...,  21.26082819  21.78855951
   20.75344533]
 [ 20.24384295  20.27762602  21.60255357 ...,  20.95574771  20.69660637
   20.84828179]
 ..., 
 [ 21.15234971  21.26082819  20.95574771 ...,  20.83858347  20.97405163
   21.59886018]
 [ 20.5025209   21.78855951  20.69660637 ...,  20.97405163  21.57835387
   20.70899502]
 [ 21.43052859  20.75344533  20.84828179 ...,  21.59886018  20.70899502
   21.85169897]]
saving sigmas to:  ./sigmas/modelReal_newUpdate_Alpha60_2/modelReal_newUpdate_Alpha60_2_step14.npy
gm
[[ 1.          0.99993651  0.99969401 ...,  0.99987723  0.99981561
   0.99999993]
 [ 0.99993651  1.          0.99978492 ...,  0.99993454  0.99990162
   0.99993526]
 [ 0.99969401  0.99978492  1.         ...,  0.99976368  0.99969904
   0.99971266]
 ..., 
 [ 0.99987723  0.99993454  0.99976368 ...,  1.          0.99990378
   0.99988404]
 [ 0.99981561  0.99990162  0.99969904 ...,  0.99990378  1.          0.99982092]
 [ 0.99999993  0.99993526  0.99971266 ...,  0.99988404  0.99982092  1.        ]]
epoch:  14  errors:  2.37232792863
sigmas:
[[ 21.39293837  21.21359433  20.24384295 ...,  21.15234971  20.5025209
   21.43052859]
 [ 21.21359433  20.39673138  20.27762602 ...,  21.26082819  21.78855951
   20.75344533]
 [ 20.24384295  20.27762602  21.60255357 ...,  20.95574771  20.69660637
   20.84828179]
 ..., 
 [ 21.15234971  21.26082819  20.95574771 ...,  20.83858347  20.97405163
   21.59886018]
 [ 20.5025209   21.78855951  20.69660637 ...,  20.97405163  21.57835387
   20.70899514]
 [ 21.43052859  20.75344533  20.84828179 ...,  21.59886018  20.70899514
   21.85169897]]
saving sigmas to:  ./sigmas/modelReal_newUpdate_Alpha60_2/modelReal_newUpdate_Alpha60_2_step15.npy
gm
[[ 1.          0.99993651  0.99969401 ...,  0.99987723  0.99981561
   0.99999993]
 [ 0.99993651  1.          0.99978492 ...,  0.99993454  0.99990162
   0.99993526]
 [ 0.99969401  0.99978492  1.         ...,  0.99976368  0.99969904
   0.99971266]
 ..., 
 [ 0.99987723  0.99993454  0.99976368 ...,  1.          0.99990378
   0.99988404]
 [ 0.99981561  0.99990162  0.99969904 ...,  0.99990378  1.          0.99982092]
 [ 0.99999993  0.99993526  0.99971266 ...,  0.99988404  0.99982092  1.        ]]
epoch:  15  errors:  2.37232792863
sigmas:
[[ 21.39293837  21.21359433  20.24384295 ...,  21.15234971  20.5025209
   21.43052859]
 [ 21.21359433  20.39673138  20.27762602 ...,  21.26082819  21.78855951
   20.75344533]
 [ 20.24384295  20.27762602  21.60255357 ...,  20.95574771  20.69660637
   20.84828179]
 ..., 
 [ 21.15234971  21.26082819  20.95574771 ...,  20.83858347  20.97405163
   21.59886018]
 [ 20.5025209   21.78855951  20.69660637 ...,  20.97405163  21.57835387
   20.70899526]
 [ 21.43052859  20.75344533  20.84828179 ...,  21.59886018  20.70899526
   21.85169897]]
saving sigmas to:  ./sigmas/modelReal_newUpdate_Alpha60_2/modelReal_newUpdate_Alpha60_2_step16.npy
gm
[[ 1.          0.99993651  0.99969401 ...,  0.99987723  0.99981561
   0.99999993]
 [ 0.99993651  1.          0.99978492 ...,  0.99993454  0.99990162
   0.99993526]
 [ 0.99969401  0.99978492  1.         ...,  0.99976368  0.99969904
   0.99971266]
 ..., 
 [ 0.99987723  0.99993454  0.99976368 ...,  1.          0.99990378
   0.99988404]
 [ 0.99981561  0.99990162  0.99969904 ...,  0.99990378  1.          0.99982092]
 [ 0.99999993  0.99993526  0.99971266 ...,  0.99988404  0.99982092  1.        ]]
epoch:  16  errors:  2.37232792863
sigmas:
[[ 21.39293837  21.21359433  20.24384295 ...,  21.15234971  20.5025209
   21.43052859]
 [ 21.21359433  20.39673138  20.27762602 ...,  21.26082819  21.78855951
   20.75344533]
 [ 20.24384295  20.27762602  21.60255357 ...,  20.95574771  20.69660637
   20.84828179]
 ..., 
 [ 21.15234971  21.26082819  20.95574771 ...,  20.83858347  20.97405163
   21.59886018]
 [ 20.5025209   21.78855951  20.69660637 ...,  20.97405163  21.57835387
   20.70899537]
 [ 21.43052859  20.75344533  20.84828179 ...,  21.59886018  20.70899537
   21.85169897]]
saving sigmas to:  ./sigmas/modelReal_newUpdate_Alpha60_2/modelReal_newUpdate_Alpha60_2_step17.npy
gm
[[ 1.          0.99993651  0.99969401 ...,  0.99987723  0.99981561
   0.99999993]
 [ 0.99993651  1.          0.99978492 ...,  0.99993454  0.99990162
   0.99993526]
 [ 0.99969401  0.99978492  1.         ...,  0.99976368  0.99969904
   0.99971266]
 ..., 
 [ 0.99987723  0.99993454  0.99976368 ...,  1.          0.99990378
   0.99988404]
 [ 0.99981561  0.99990162  0.99969904 ...,  0.99990378  1.          0.99982092]
 [ 0.99999993  0.99993526  0.99971266 ...,  0.99988404  0.99982092  1.        ]]
epoch:  17  errors:  2.37232792863
sigmas:
[[ 21.39293837  21.21359433  20.24384295 ...,  21.15234971  20.5025209
   21.43052859]
 [ 21.21359433  20.39673138  20.27762602 ...,  21.26082819  21.78855951
   20.75344533]
 [ 20.24384295  20.27762602  21.60255357 ...,  20.95574771  20.69660637
   20.84828179]
 ..., 
 [ 21.15234971  21.26082819  20.95574771 ...,  20.83858347  20.97405163
   21.59886018]
 [ 20.5025209   21.78855951  20.69660637 ...,  20.97405163  21.57835387
   20.70899549]
 [ 21.43052859  20.75344533  20.84828179 ...,  21.59886018  20.70899549
   21.85169897]]
saving sigmas to:  ./sigmas/modelReal_newUpdate_Alpha60_2/modelReal_newUpdate_Alpha60_2_step18.npy
gm
[[ 1.          0.99993651  0.99969401 ...,  0.99987723  0.99981561
   0.99999993]
 [ 0.99993651  1.          0.99978492 ...,  0.99993454  0.99990162
   0.99993526]
 [ 0.99969401  0.99978492  1.         ...,  0.99976368  0.99969904
   0.99971266]
 ..., 
 [ 0.99987723  0.99993454  0.99976368 ...,  1.          0.99990378
   0.99988404]
 [ 0.99981561  0.99990162  0.99969904 ...,  0.99990378  1.          0.99982092]
 [ 0.99999993  0.99993526  0.99971266 ...,  0.99988404  0.99982092  1.        ]]
epoch:  18  errors:  2.37232792863
sigmas:
[[ 21.39293837  21.21359433  20.24384295 ...,  21.15234971  20.5025209
   21.43052859]
 [ 21.21359433  20.39673138  20.27762602 ...,  21.26082819  21.78855951
   20.75344533]
 [ 20.24384295  20.27762602  21.60255357 ...,  20.95574771  20.69660637
   20.84828179]
 ..., 
 [ 21.15234971  21.26082819  20.95574771 ...,  20.83858347  20.97405163
   21.59886018]
 [ 20.5025209   21.78855951  20.69660637 ...,  20.97405163  21.57835387
   20.70899561]
 [ 21.43052859  20.75344533  20.84828179 ...,  21.59886018  20.70899561
   21.85169897]]
saving sigmas to:  ./sigmas/modelReal_newUpdate_Alpha60_2/modelReal_newUpdate_Alpha60_2_step19.npy
gm
[[ 1.          0.99993651  0.99969401 ...,  0.99987723  0.99981561
   0.99999993]
 [ 0.99993651  1.          0.99978492 ...,  0.99993454  0.99990162
   0.99993526]
 [ 0.99969401  0.99978492  1.         ...,  0.99976368  0.99969904
   0.99971266]
 ..., 
 [ 0.99987723  0.99993454  0.99976368 ...,  1.          0.99990378
   0.99988404]
 [ 0.99981561  0.99990162  0.99969904 ...,  0.99990378  1.          0.99982092]
 [ 0.99999993  0.99993526  0.99971266 ...,  0.99988404  0.99982092  1.        ]]
epoch:  19  errors:  2.37232792863
sigmas:
[[ 21.39293837  21.21359433  20.24384295 ...,  21.15234971  20.5025209
   21.43052859]
 [ 21.21359433  20.39673138  20.27762602 ...,  21.26082819  21.78855951
   20.75344533]
 [ 20.24384295  20.27762602  21.60255357 ...,  20.95574771  20.69660637
   20.84828179]
 ..., 
 [ 21.15234971  21.26082819  20.95574771 ...,  20.83858347  20.97405163
   21.59886018]
 [ 20.5025209   21.78855951  20.69660637 ...,  20.97405163  21.57835387
   20.70899573]
 [ 21.43052859  20.75344533  20.84828179 ...,  21.59886018  20.70899573
   21.85169897]]
saving sigmas to:  ./sigmas/modelReal_newUpdate_Alpha60_2/modelReal_newUpdate_Alpha60_2_step20.npy
gm
[[ 1.          0.99993651  0.99969401 ...,  0.99987723  0.99981561
   0.99999993]
 [ 0.99993651  1.          0.99978492 ...,  0.99993454  0.99990162
   0.99993526]
 [ 0.99969401  0.99978492  1.         ...,  0.99976368  0.99969904
   0.99971266]
 ..., 
 [ 0.99987723  0.99993454  0.99976368 ...,  1.          0.99990378
   0.99988404]
 [ 0.99981561  0.99990162  0.99969904 ...,  0.99990378  1.          0.99982092]
 [ 0.99999993  0.99993526  0.99971266 ...,  0.99988404  0.99982092  1.        ]]
