Loading cqt and beats... 
Perform sync
cqt_med.shape: (322, 84)
Perform loadInterval2Frame
[[array([], dtype=float64), 'Silence'], [array([ 0, 18]), 'I'], [array([18, 50]), 'V'], [array([50, 81]), 'V'], [array([ 81, 113]), 'C'], [array([113, 130]), 'T'], [array([130, 161]), 'V'], [array([161, 193]), 'C'], [array([193, 242]), "T'"], [array([242, 274]), 'C'], [array([274, 321]), 'O'], [array([], dtype=float64), 'Silence']]
[[array([ 0, 18]), 'I'], [array([18, 50]), 'V'], [array([50, 81]), 'V'], [array([ 81, 113]), 'C'], [array([113, 130]), 'T'], [array([130, 161]), 'V'], [array([161, 193]), 'C'], [array([193, 242]), "T'"], [array([242, 274]), 'C'], [array([274, 321]), 'O']]
sigmas
[[ 10.69646919  10.60679717  10.12192148 ...,  10.57617486  10.25126045
   10.7152643 ]
 [ 10.60679717  10.19836569  10.13881301 ...,  10.63041409  10.89427975
   10.37672267]
 [ 10.12192148  10.13881301  10.80127678 ...,  10.47787385  10.34830319
   10.4241409 ]
 ..., 
 [ 10.57617486  10.63041409  10.47787385 ...,  10.41929174  10.48702582
   10.79943009]
 [ 10.25126045  10.89427975  10.34830319 ...,  10.48702582  10.78917694
   10.35449663]
 [ 10.7152643   10.37672267  10.4241409  ...,  10.79943009  10.35449663
   10.92584948]]
gm.shape:  (322, 322)
[[ 1.          0.99974608  0.99877659 ...,  0.999509    0.99926264
   0.99999973]
 [ 0.99974608  1.          0.99913996 ...,  0.9997382   0.99960654
   0.99974105]
 [ 0.99877659  0.99913996  1.         ...,  0.99905505  0.99879669
   0.99885115]
 ..., 
 [ 0.999509    0.9997382   0.99905505 ...,  1.          0.99961519
   0.99953625]
 [ 0.99926264  0.99960654  0.99879669 ...,  0.99961519  1.          0.99928388]
 [ 0.99999973  0.99974105  0.99885115 ...,  0.99953625  0.99928388  1.        ]]
L_true
[[ 1.         -0.05555556 -0.05555556 ..., -0.         -0.         -0.        ]
 [-0.05555556  1.         -0.05555556 ..., -0.         -0.         -0.        ]
 [-0.05555556 -0.05555556  1.         ..., -0.         -0.         -0.        ]
 ..., 
 [-0.         -0.         -0.         ...,  1.         -0.0212766
  -0.0212766 ]
 [-0.         -0.         -0.         ..., -0.0212766   1.         -0.0212766 ]
 [-0.         -0.         -0.         ..., -0.0212766  -0.0212766   1.        ]]
gm.shape, m_true.shape:  (322, 322) (322, 322)
gm is symmetric:  True
m_true is symmetric:  True
errors:  2.37209518497
sigmas:
[[ 10.69646919  10.60679717  10.12192148 ...,  10.57617486  10.25126045
   10.7152643 ]
 [ 10.60679717  10.19836569  10.13881301 ...,  10.63041409  10.89427975
   10.37672267]
 [ 10.12192148  10.13881301  10.80127678 ...,  10.47787385  10.34830319
   10.4241409 ]
 ..., 
 [ 10.57617486  10.63041409  10.47787385 ...,  10.41929174  10.48702582
   10.79943009]
 [ 10.25126045  10.89427975  10.34830319 ...,  10.48702582  10.78917694
   10.35449835]
 [ 10.7152643   10.37672267  10.4241409  ...,  10.79943009  10.35449835
   10.92584948]]
saving sigmas to:  ./sigmas/modelReal_newUpdate_Alpha110_1/modelReal_newUpdate_Alpha110_1_step0.npy
gm
[[ 1.          0.99974608  0.99877659 ...,  0.999509    0.99926264
   0.99999973]
 [ 0.99974608  1.          0.99913996 ...,  0.9997382   0.99960654
   0.99974105]
 [ 0.99877659  0.99913996  1.         ...,  0.99905505  0.99879669
   0.99885115]
 ..., 
 [ 0.999509    0.9997382   0.99905505 ...,  1.          0.99961519
   0.99953625]
 [ 0.99926264  0.99960654  0.99879669 ...,  0.99961519  1.          0.99928388]
 [ 0.99999973  0.99974105  0.99885115 ...,  0.99953625  0.99928388  1.        ]]
epoch:  0  errors:  2.37209518497
sigmas:
[[ 10.69646919  10.60679717  10.12192148 ...,  10.57617486  10.25126045
   10.7152643 ]
 [ 10.60679717  10.19836569  10.13881301 ...,  10.63041409  10.89427975
   10.37672267]
 [ 10.12192148  10.13881301  10.80127678 ...,  10.47787385  10.34830319
   10.4241409 ]
 ..., 
 [ 10.57617486  10.63041409  10.47787385 ...,  10.41929174  10.48702581
   10.79943009]
 [ 10.25126045  10.89427975  10.34830319 ...,  10.48702581  10.78917694
   10.35450007]
 [ 10.7152643   10.37672267  10.4241409  ...,  10.79943009  10.35450007
   10.92584948]]
saving sigmas to:  ./sigmas/modelReal_newUpdate_Alpha110_1/modelReal_newUpdate_Alpha110_1_step1.npy
gm
[[ 1.          0.99974608  0.99877659 ...,  0.999509    0.99926264
   0.99999973]
 [ 0.99974608  1.          0.99913996 ...,  0.9997382   0.99960654
   0.99974105]
 [ 0.99877659  0.99913996  1.         ...,  0.99905505  0.99879669
   0.99885115]
 ..., 
 [ 0.999509    0.9997382   0.99905505 ...,  1.          0.99961519
   0.99953625]
 [ 0.99926264  0.99960654  0.99879669 ...,  0.99961519  1.          0.99928388]
 [ 0.99999973  0.99974105  0.99885115 ...,  0.99953625  0.99928388  1.        ]]
epoch:  1  errors:  2.37209518497
sigmas:
[[ 10.69646919  10.60679717  10.12192148 ...,  10.57617486  10.25126045
   10.7152643 ]
 [ 10.60679717  10.19836569  10.13881301 ...,  10.63041409  10.89427975
   10.37672267]
 [ 10.12192148  10.13881301  10.80127678 ...,  10.47787385  10.34830319
   10.4241409 ]
 ..., 
 [ 10.57617486  10.63041409  10.47787385 ...,  10.41929174  10.48702581
   10.79943008]
 [ 10.25126045  10.89427975  10.34830319 ...,  10.48702581  10.78917694
   10.35450179]
 [ 10.7152643   10.37672267  10.4241409  ...,  10.79943008  10.35450179
   10.92584948]]
saving sigmas to:  ./sigmas/modelReal_newUpdate_Alpha110_1/modelReal_newUpdate_Alpha110_1_step2.npy
gm
[[ 1.          0.99974608  0.99877659 ...,  0.999509    0.99926264
   0.99999973]
 [ 0.99974608  1.          0.99913996 ...,  0.9997382   0.99960654
   0.99974105]
 [ 0.99877659  0.99913996  1.         ...,  0.99905505  0.99879669
   0.99885115]
 ..., 
 [ 0.999509    0.9997382   0.99905505 ...,  1.          0.99961519
   0.99953625]
 [ 0.99926264  0.99960654  0.99879669 ...,  0.99961519  1.          0.99928388]
 [ 0.99999973  0.99974105  0.99885115 ...,  0.99953625  0.99928388  1.        ]]
epoch:  2  errors:  2.37209518497
sigmas:
[[ 10.69646919  10.60679717  10.12192148 ...,  10.57617486  10.25126045
   10.7152643 ]
 [ 10.60679717  10.19836569  10.13881301 ...,  10.63041409  10.89427975
   10.37672267]
 [ 10.12192148  10.13881301  10.80127678 ...,  10.47787385  10.34830319
   10.4241409 ]
 ..., 
 [ 10.57617486  10.63041409  10.47787385 ...,  10.41929174  10.48702581
   10.79943008]
 [ 10.25126045  10.89427975  10.34830319 ...,  10.48702581  10.78917694
   10.35450351]
 [ 10.7152643   10.37672267  10.4241409  ...,  10.79943008  10.35450351
   10.92584948]]
saving sigmas to:  ./sigmas/modelReal_newUpdate_Alpha110_1/modelReal_newUpdate_Alpha110_1_step3.npy
gm
[[ 1.          0.99974608  0.99877659 ...,  0.999509    0.99926264
   0.99999973]
 [ 0.99974608  1.          0.99913996 ...,  0.9997382   0.99960654
   0.99974105]
 [ 0.99877659  0.99913996  1.         ...,  0.99905505  0.99879669
   0.99885115]
 ..., 
 [ 0.999509    0.9997382   0.99905505 ...,  1.          0.99961519
   0.99953625]
 [ 0.99926264  0.99960654  0.99879669 ...,  0.99961519  1.          0.99928388]
 [ 0.99999973  0.99974105  0.99885115 ...,  0.99953625  0.99928388  1.        ]]
epoch:  3  errors:  2.37209518497
sigmas:
[[ 10.69646919  10.60679717  10.12192148 ...,  10.57617486  10.25126045
   10.7152643 ]
 [ 10.60679717  10.19836569  10.13881301 ...,  10.63041409  10.89427975
   10.37672267]
 [ 10.12192148  10.13881301  10.80127678 ...,  10.47787385  10.34830319
   10.4241409 ]
 ..., 
 [ 10.57617486  10.63041409  10.47787385 ...,  10.41929174  10.4870258
   10.79943008]
 [ 10.25126045  10.89427975  10.34830319 ...,  10.4870258   10.78917694
   10.35450523]
 [ 10.7152643   10.37672267  10.4241409  ...,  10.79943008  10.35450523
   10.92584948]]
saving sigmas to:  ./sigmas/modelReal_newUpdate_Alpha110_1/modelReal_newUpdate_Alpha110_1_step4.npy
gm
[[ 1.          0.99974608  0.99877659 ...,  0.999509    0.99926264
   0.99999973]
 [ 0.99974608  1.          0.99913996 ...,  0.9997382   0.99960654
   0.99974105]
 [ 0.99877659  0.99913996  1.         ...,  0.99905505  0.99879669
   0.99885115]
 ..., 
 [ 0.999509    0.9997382   0.99905505 ...,  1.          0.99961519
   0.99953625]
 [ 0.99926264  0.99960654  0.99879669 ...,  0.99961519  1.          0.99928388]
 [ 0.99999973  0.99974105  0.99885115 ...,  0.99953625  0.99928388  1.        ]]
epoch:  4  errors:  2.37209518497
sigmas:
[[ 10.69646919  10.60679717  10.12192148 ...,  10.57617486  10.25126045
   10.7152643 ]
 [ 10.60679717  10.19836569  10.13881301 ...,  10.63041409  10.89427975
   10.37672267]
 [ 10.12192148  10.13881301  10.80127678 ...,  10.47787385  10.34830319
   10.4241409 ]
 ..., 
 [ 10.57617486  10.63041409  10.47787385 ...,  10.41929174  10.4870258
   10.79943008]
 [ 10.25126045  10.89427975  10.34830319 ...,  10.4870258   10.78917694
   10.35450695]
 [ 10.7152643   10.37672267  10.4241409  ...,  10.79943008  10.35450695
   10.92584948]]
saving sigmas to:  ./sigmas/modelReal_newUpdate_Alpha110_1/modelReal_newUpdate_Alpha110_1_step5.npy
gm
[[ 1.          0.99974608  0.99877659 ...,  0.999509    0.99926264
   0.99999973]
 [ 0.99974608  1.          0.99913996 ...,  0.9997382   0.99960654
   0.99974105]
 [ 0.99877659  0.99913996  1.         ...,  0.99905505  0.99879669
   0.99885115]
 ..., 
 [ 0.999509    0.9997382   0.99905505 ...,  1.          0.99961519
   0.99953625]
 [ 0.99926264  0.99960654  0.99879669 ...,  0.99961519  1.          0.99928388]
 [ 0.99999973  0.99974105  0.99885115 ...,  0.99953625  0.99928388  1.        ]]
epoch:  5  errors:  2.37209518497
sigmas:
[[ 10.69646919  10.60679717  10.12192148 ...,  10.57617486  10.25126045
   10.7152643 ]
 [ 10.60679717  10.19836569  10.13881301 ...,  10.63041409  10.89427975
   10.37672267]
 [ 10.12192148  10.13881301  10.80127678 ...,  10.47787385  10.34830319
   10.4241409 ]
 ..., 
 [ 10.57617486  10.63041409  10.47787385 ...,  10.41929174  10.4870258
   10.79943007]
 [ 10.25126045  10.89427975  10.34830319 ...,  10.4870258   10.78917694
   10.35450866]
 [ 10.7152643   10.37672267  10.4241409  ...,  10.79943007  10.35450866
   10.92584948]]
saving sigmas to:  ./sigmas/modelReal_newUpdate_Alpha110_1/modelReal_newUpdate_Alpha110_1_step6.npy
gm
[[ 1.          0.99974608  0.99877659 ...,  0.999509    0.99926264
   0.99999973]
 [ 0.99974608  1.          0.99913996 ...,  0.9997382   0.99960654
   0.99974105]
 [ 0.99877659  0.99913996  1.         ...,  0.99905505  0.99879669
   0.99885115]
 ..., 
 [ 0.999509    0.9997382   0.99905505 ...,  1.          0.99961519
   0.99953625]
 [ 0.99926264  0.99960654  0.99879669 ...,  0.99961519  1.          0.99928388]
 [ 0.99999973  0.99974105  0.99885115 ...,  0.99953625  0.99928388  1.        ]]
epoch:  6  errors:  2.37209518497
sigmas:
[[ 10.69646919  10.60679717  10.12192148 ...,  10.57617486  10.25126045
   10.7152643 ]
 [ 10.60679717  10.19836569  10.13881302 ...,  10.63041409  10.89427975
   10.37672267]
 [ 10.12192148  10.13881302  10.80127678 ...,  10.47787385  10.34830319
   10.4241409 ]
 ..., 
 [ 10.57617486  10.63041409  10.47787385 ...,  10.41929174  10.4870258
   10.79943007]
 [ 10.25126045  10.89427975  10.34830319 ...,  10.4870258   10.78917694
   10.35451038]
 [ 10.7152643   10.37672267  10.4241409  ...,  10.79943007  10.35451038
   10.92584948]]
saving sigmas to:  ./sigmas/modelReal_newUpdate_Alpha110_1/modelReal_newUpdate_Alpha110_1_step7.npy
gm
[[ 1.          0.99974608  0.99877659 ...,  0.999509    0.99926264
   0.99999973]
 [ 0.99974608  1.          0.99913996 ...,  0.9997382   0.99960654
   0.99974105]
 [ 0.99877659  0.99913996  1.         ...,  0.99905505  0.99879669
   0.99885115]
 ..., 
 [ 0.999509    0.9997382   0.99905505 ...,  1.          0.99961519
   0.99953625]
 [ 0.99926264  0.99960654  0.99879669 ...,  0.99961519  1.          0.99928388]
 [ 0.99999973  0.99974105  0.99885115 ...,  0.99953625  0.99928388  1.        ]]
epoch:  7  errors:  2.37209518497
sigmas:
[[ 10.69646919  10.60679717  10.12192148 ...,  10.57617486  10.25126045
   10.7152643 ]
 [ 10.60679717  10.19836569  10.13881302 ...,  10.63041409  10.89427975
   10.37672267]
 [ 10.12192148  10.13881302  10.80127678 ...,  10.47787385  10.34830319
   10.4241409 ]
 ..., 
 [ 10.57617486  10.63041409  10.47787385 ...,  10.41929174  10.48702579
   10.79943007]
 [ 10.25126045  10.89427975  10.34830319 ...,  10.48702579  10.78917694
   10.3545121 ]
 [ 10.7152643   10.37672267  10.4241409  ...,  10.79943007  10.3545121
   10.92584948]]
saving sigmas to:  ./sigmas/modelReal_newUpdate_Alpha110_1/modelReal_newUpdate_Alpha110_1_step8.npy
gm
[[ 1.          0.99974608  0.99877659 ...,  0.999509    0.99926264
   0.99999973]
 [ 0.99974608  1.          0.99913996 ...,  0.9997382   0.99960654
   0.99974105]
 [ 0.99877659  0.99913996  1.         ...,  0.99905505  0.99879669
   0.99885115]
 ..., 
 [ 0.999509    0.9997382   0.99905505 ...,  1.          0.99961519
   0.99953625]
 [ 0.99926264  0.99960654  0.99879669 ...,  0.99961519  1.          0.99928388]
 [ 0.99999973  0.99974105  0.99885115 ...,  0.99953625  0.99928388  1.        ]]
epoch:  8  errors:  2.37209518497
sigmas:
[[ 10.69646919  10.60679717  10.12192148 ...,  10.57617486  10.25126045
   10.7152643 ]
 [ 10.60679717  10.19836569  10.13881302 ...,  10.63041409  10.89427975
   10.37672267]
 [ 10.12192148  10.13881302  10.80127678 ...,  10.47787385  10.34830319
   10.4241409 ]
 ..., 
 [ 10.57617486  10.63041409  10.47787385 ...,  10.41929174  10.48702579
   10.79943007]
 [ 10.25126045  10.89427975  10.34830319 ...,  10.48702579  10.78917694
   10.35451382]
 [ 10.7152643   10.37672267  10.4241409  ...,  10.79943007  10.35451382
   10.92584948]]
saving sigmas to:  ./sigmas/modelReal_newUpdate_Alpha110_1/modelReal_newUpdate_Alpha110_1_step9.npy
gm
[[ 1.          0.99974608  0.99877659 ...,  0.999509    0.99926264
   0.99999973]
 [ 0.99974608  1.          0.99913996 ...,  0.9997382   0.99960654
   0.99974105]
 [ 0.99877659  0.99913996  1.         ...,  0.99905505  0.99879669
   0.99885115]
 ..., 
 [ 0.999509    0.9997382   0.99905505 ...,  1.          0.99961519
   0.99953625]
 [ 0.99926264  0.99960654  0.99879669 ...,  0.99961519  1.          0.99928388]
 [ 0.99999973  0.99974105  0.99885115 ...,  0.99953625  0.99928388  1.        ]]
epoch:  9  errors:  2.37209518497
sigmas:
[[ 10.69646919  10.60679717  10.12192148 ...,  10.57617486  10.25126045
   10.7152643 ]
 [ 10.60679717  10.19836569  10.13881302 ...,  10.63041409  10.89427975
   10.37672267]
 [ 10.12192148  10.13881302  10.80127678 ...,  10.47787385  10.34830319
   10.4241409 ]
 ..., 
 [ 10.57617486  10.63041409  10.47787385 ...,  10.41929174  10.48702579
   10.79943006]
 [ 10.25126045  10.89427975  10.34830319 ...,  10.48702579  10.78917694
   10.35451554]
 [ 10.7152643   10.37672267  10.4241409  ...,  10.79943006  10.35451554
   10.92584948]]
saving sigmas to:  ./sigmas/modelReal_newUpdate_Alpha110_1/modelReal_newUpdate_Alpha110_1_step10.npy
gm
[[ 1.          0.99974608  0.99877659 ...,  0.999509    0.99926264
   0.99999973]
 [ 0.99974608  1.          0.99913996 ...,  0.9997382   0.99960654
   0.99974105]
 [ 0.99877659  0.99913996  1.         ...,  0.99905505  0.99879669
   0.99885115]
 ..., 
 [ 0.999509    0.9997382   0.99905505 ...,  1.          0.99961519
   0.99953625]
 [ 0.99926264  0.99960654  0.99879669 ...,  0.99961519  1.          0.99928388]
 [ 0.99999973  0.99974105  0.99885115 ...,  0.99953625  0.99928388  1.        ]]
epoch:  10  errors:  2.37209518498
sigmas:
[[ 10.69646919  10.60679717  10.12192149 ...,  10.57617486  10.25126045
   10.7152643 ]
 [ 10.60679717  10.19836569  10.13881302 ...,  10.63041409  10.89427975
   10.37672267]
 [ 10.12192149  10.13881302  10.80127678 ...,  10.47787385  10.34830319
   10.4241409 ]
 ..., 
 [ 10.57617486  10.63041409  10.47787385 ...,  10.41929174  10.48702579
   10.79943006]
 [ 10.25126045  10.89427975  10.34830319 ...,  10.48702579  10.78917694
   10.35451726]
 [ 10.7152643   10.37672267  10.4241409  ...,  10.79943006  10.35451726
   10.92584948]]
saving sigmas to:  ./sigmas/modelReal_newUpdate_Alpha110_1/modelReal_newUpdate_Alpha110_1_step11.npy
gm
[[ 1.          0.99974608  0.99877659 ...,  0.999509    0.99926264
   0.99999973]
 [ 0.99974608  1.          0.99913996 ...,  0.9997382   0.99960654
   0.99974105]
 [ 0.99877659  0.99913996  1.         ...,  0.99905505  0.99879669
   0.99885115]
 ..., 
 [ 0.999509    0.9997382   0.99905505 ...,  1.          0.99961519
   0.99953625]
 [ 0.99926264  0.99960654  0.99879669 ...,  0.99961519  1.          0.99928388]
 [ 0.99999973  0.99974105  0.99885115 ...,  0.99953625  0.99928388  1.        ]]
epoch:  11  errors:  2.37209518498
sigmas:
[[ 10.69646919  10.60679717  10.12192149 ...,  10.57617486  10.25126045
   10.7152643 ]
 [ 10.60679717  10.19836569  10.13881302 ...,  10.63041409  10.89427975
   10.37672267]
 [ 10.12192149  10.13881302  10.80127678 ...,  10.47787385  10.34830319
   10.4241409 ]
 ..., 
 [ 10.57617486  10.63041409  10.47787385 ...,  10.41929174  10.48702578
   10.79943006]
 [ 10.25126045  10.89427975  10.34830319 ...,  10.48702578  10.78917694
   10.35451898]
 [ 10.7152643   10.37672267  10.4241409  ...,  10.79943006  10.35451898
   10.92584948]]
saving sigmas to:  ./sigmas/modelReal_newUpdate_Alpha110_1/modelReal_newUpdate_Alpha110_1_step12.npy
gm
[[ 1.          0.99974608  0.99877659 ...,  0.999509    0.99926264
   0.99999973]
 [ 0.99974608  1.          0.99913996 ...,  0.9997382   0.99960654
   0.99974105]
 [ 0.99877659  0.99913996  1.         ...,  0.99905505  0.99879669
   0.99885115]
 ..., 
 [ 0.999509    0.9997382   0.99905505 ...,  1.          0.99961519
   0.99953625]
 [ 0.99926264  0.99960654  0.99879669 ...,  0.99961519  1.          0.99928388]
 [ 0.99999973  0.99974105  0.99885115 ...,  0.99953625  0.99928388  1.        ]]
epoch:  12  errors:  2.37209518498
sigmas:
[[ 10.69646919  10.60679717  10.12192149 ...,  10.57617486  10.25126045
   10.7152643 ]
 [ 10.60679717  10.19836569  10.13881302 ...,  10.63041409  10.89427975
   10.37672267]
 [ 10.12192149  10.13881302  10.80127678 ...,  10.47787385  10.34830319
   10.4241409 ]
 ..., 
 [ 10.57617486  10.63041409  10.47787385 ...,  10.41929174  10.48702578
   10.79943006]
 [ 10.25126045  10.89427975  10.34830319 ...,  10.48702578  10.78917694
   10.3545207 ]
 [ 10.7152643   10.37672267  10.4241409  ...,  10.79943006  10.3545207
   10.92584948]]
saving sigmas to:  ./sigmas/modelReal_newUpdate_Alpha110_1/modelReal_newUpdate_Alpha110_1_step13.npy
gm
[[ 1.          0.99974608  0.99877659 ...,  0.999509    0.99926264
   0.99999973]
 [ 0.99974608  1.          0.99913996 ...,  0.9997382   0.99960654
   0.99974105]
 [ 0.99877659  0.99913996  1.         ...,  0.99905505  0.99879669
   0.99885115]
 ..., 
 [ 0.999509    0.9997382   0.99905505 ...,  1.          0.99961519
   0.99953625]
 [ 0.99926264  0.99960654  0.99879669 ...,  0.99961519  1.          0.99928388]
 [ 0.99999973  0.99974105  0.99885115 ...,  0.99953625  0.99928388  1.        ]]
epoch:  13  errors:  2.37209518498
sigmas:
[[ 10.69646919  10.60679717  10.12192149 ...,  10.57617486  10.25126045
   10.7152643 ]
 [ 10.60679717  10.19836569  10.13881302 ...,  10.63041409  10.89427975
   10.37672267]
 [ 10.12192149  10.13881302  10.80127678 ...,  10.47787385  10.34830319
   10.4241409 ]
 ..., 
 [ 10.57617486  10.63041409  10.47787385 ...,  10.41929174  10.48702578
   10.79943005]
 [ 10.25126045  10.89427975  10.34830319 ...,  10.48702578  10.78917694
   10.35452241]
 [ 10.7152643   10.37672267  10.4241409  ...,  10.79943005  10.35452241
   10.92584948]]
saving sigmas to:  ./sigmas/modelReal_newUpdate_Alpha110_1/modelReal_newUpdate_Alpha110_1_step14.npy
gm
[[ 1.          0.99974608  0.99877659 ...,  0.999509    0.99926264
   0.99999973]
 [ 0.99974608  1.          0.99913996 ...,  0.9997382   0.99960654
   0.99974105]
 [ 0.99877659  0.99913996  1.         ...,  0.99905505  0.99879669
   0.99885115]
 ..., 
 [ 0.999509    0.9997382   0.99905505 ...,  1.          0.99961519
   0.99953625]
 [ 0.99926264  0.99960654  0.99879669 ...,  0.99961519  1.          0.99928388]
 [ 0.99999973  0.99974105  0.99885115 ...,  0.99953625  0.99928388  1.        ]]
epoch:  14  errors:  2.37209518498
sigmas:
[[ 10.69646919  10.60679717  10.12192149 ...,  10.57617486  10.25126045
   10.7152643 ]
 [ 10.60679717  10.19836569  10.13881302 ...,  10.63041409  10.89427975
   10.37672267]
 [ 10.12192149  10.13881302  10.80127678 ...,  10.47787385  10.34830319
   10.4241409 ]
 ..., 
 [ 10.57617486  10.63041409  10.47787385 ...,  10.41929174  10.48702578
   10.79943005]
 [ 10.25126045  10.89427975  10.34830319 ...,  10.48702578  10.78917694
   10.35452413]
 [ 10.7152643   10.37672267  10.4241409  ...,  10.79943005  10.35452413
   10.92584948]]
saving sigmas to:  ./sigmas/modelReal_newUpdate_Alpha110_1/modelReal_newUpdate_Alpha110_1_step15.npy
gm
[[ 1.          0.99974608  0.99877659 ...,  0.999509    0.99926264
   0.99999973]
 [ 0.99974608  1.          0.99913996 ...,  0.9997382   0.99960654
   0.99974105]
 [ 0.99877659  0.99913996  1.         ...,  0.99905505  0.99879669
   0.99885115]
 ..., 
 [ 0.999509    0.9997382   0.99905505 ...,  1.          0.99961519
   0.99953625]
 [ 0.99926264  0.99960654  0.99879669 ...,  0.99961519  1.          0.99928388]
 [ 0.99999973  0.99974105  0.99885115 ...,  0.99953625  0.99928388  1.        ]]
epoch:  15  errors:  2.37209518498
sigmas:
[[ 10.69646919  10.60679717  10.12192149 ...,  10.57617486  10.25126045
   10.7152643 ]
 [ 10.60679717  10.19836569  10.13881302 ...,  10.63041409  10.89427975
   10.37672267]
 [ 10.12192149  10.13881302  10.80127678 ...,  10.47787385  10.34830319
   10.4241409 ]
 ..., 
 [ 10.57617486  10.63041409  10.47787385 ...,  10.41929174  10.48702577
   10.79943005]
 [ 10.25126045  10.89427975  10.34830319 ...,  10.48702577  10.78917694
   10.35452585]
 [ 10.7152643   10.37672267  10.4241409  ...,  10.79943005  10.35452585
   10.92584948]]
saving sigmas to:  ./sigmas/modelReal_newUpdate_Alpha110_1/modelReal_newUpdate_Alpha110_1_step16.npy
gm
[[ 1.          0.99974608  0.99877659 ...,  0.999509    0.99926264
   0.99999973]
 [ 0.99974608  1.          0.99913996 ...,  0.9997382   0.99960654
   0.99974105]
 [ 0.99877659  0.99913996  1.         ...,  0.99905505  0.99879669
   0.99885115]
 ..., 
 [ 0.999509    0.9997382   0.99905505 ...,  1.          0.99961519
   0.99953625]
 [ 0.99926264  0.99960654  0.99879669 ...,  0.99961519  1.          0.99928388]
 [ 0.99999973  0.99974105  0.99885115 ...,  0.99953625  0.99928388  1.        ]]
epoch:  16  errors:  2.37209518498
sigmas:
[[ 10.69646919  10.60679717  10.12192149 ...,  10.57617486  10.25126045
   10.7152643 ]
 [ 10.60679717  10.19836569  10.13881302 ...,  10.63041409  10.89427975
   10.37672267]
 [ 10.12192149  10.13881302  10.80127678 ...,  10.47787385  10.34830319
   10.4241409 ]
 ..., 
 [ 10.57617486  10.63041409  10.47787385 ...,  10.41929174  10.48702577
   10.79943004]
 [ 10.25126045  10.89427975  10.34830319 ...,  10.48702577  10.78917694
   10.35452757]
 [ 10.7152643   10.37672267  10.4241409  ...,  10.79943004  10.35452757
   10.92584948]]
saving sigmas to:  ./sigmas/modelReal_newUpdate_Alpha110_1/modelReal_newUpdate_Alpha110_1_step17.npy
gm
[[ 1.          0.99974608  0.99877659 ...,  0.999509    0.99926264
   0.99999973]
 [ 0.99974608  1.          0.99913996 ...,  0.9997382   0.99960654
   0.99974105]
 [ 0.99877659  0.99913996  1.         ...,  0.99905505  0.99879669
   0.99885115]
 ..., 
 [ 0.999509    0.9997382   0.99905505 ...,  1.          0.99961519
   0.99953625]
 [ 0.99926264  0.99960654  0.99879669 ...,  0.99961519  1.          0.99928388]
 [ 0.99999973  0.99974105  0.99885115 ...,  0.99953625  0.99928388  1.        ]]
epoch:  17  errors:  2.37209518498
sigmas:
[[ 10.69646919  10.60679717  10.12192149 ...,  10.57617486  10.25126045
   10.7152643 ]
 [ 10.60679717  10.19836569  10.13881302 ...,  10.63041409  10.89427975
   10.37672267]
 [ 10.12192149  10.13881302  10.80127678 ...,  10.47787385  10.34830319
   10.4241409 ]
 ..., 
 [ 10.57617486  10.63041409  10.47787385 ...,  10.41929174  10.48702577
   10.79943004]
 [ 10.25126045  10.89427975  10.34830319 ...,  10.48702577  10.78917694
   10.35452929]
 [ 10.7152643   10.37672267  10.4241409  ...,  10.79943004  10.35452929
   10.92584948]]
saving sigmas to:  ./sigmas/modelReal_newUpdate_Alpha110_1/modelReal_newUpdate_Alpha110_1_step18.npy
gm
[[ 1.          0.99974608  0.99877659 ...,  0.999509    0.99926264
   0.99999973]
 [ 0.99974608  1.          0.99913996 ...,  0.9997382   0.99960654
   0.99974105]
 [ 0.99877659  0.99913996  1.         ...,  0.99905505  0.99879669
   0.99885115]
 ..., 
 [ 0.999509    0.9997382   0.99905505 ...,  1.          0.99961519
   0.99953625]
 [ 0.99926264  0.99960654  0.99879669 ...,  0.99961519  1.          0.99928388]
 [ 0.99999973  0.99974105  0.99885115 ...,  0.99953625  0.99928388  1.        ]]
epoch:  18  errors:  2.37209518498
sigmas:
[[ 10.69646919  10.60679717  10.12192149 ...,  10.57617486  10.25126045
   10.7152643 ]
 [ 10.60679717  10.19836569  10.13881302 ...,  10.63041409  10.89427975
   10.37672267]
 [ 10.12192149  10.13881302  10.80127678 ...,  10.47787385  10.34830319
   10.4241409 ]
 ..., 
 [ 10.57617486  10.63041409  10.47787385 ...,  10.41929174  10.48702576
   10.79943004]
 [ 10.25126045  10.89427975  10.34830319 ...,  10.48702576  10.78917694
   10.35453101]
 [ 10.7152643   10.37672267  10.4241409  ...,  10.79943004  10.35453101
   10.92584948]]
saving sigmas to:  ./sigmas/modelReal_newUpdate_Alpha110_1/modelReal_newUpdate_Alpha110_1_step19.npy
gm
[[ 1.          0.99974608  0.99877659 ...,  0.999509    0.99926264
   0.99999973]
 [ 0.99974608  1.          0.99913996 ...,  0.9997382   0.99960654
   0.99974105]
 [ 0.99877659  0.99913996  1.         ...,  0.99905505  0.99879669
   0.99885115]
 ..., 
 [ 0.999509    0.9997382   0.99905505 ...,  1.          0.99961519
   0.99953625]
 [ 0.99926264  0.99960654  0.99879669 ...,  0.99961519  1.          0.99928388]
 [ 0.99999973  0.99974105  0.99885115 ...,  0.99953625  0.99928388  1.        ]]
epoch:  19  errors:  2.37209518498
sigmas:
[[ 10.69646919  10.60679717  10.12192149 ...,  10.57617486  10.25126045
   10.7152643 ]
 [ 10.60679717  10.19836569  10.13881302 ...,  10.63041409  10.89427975
   10.37672267]
 [ 10.12192149  10.13881302  10.80127678 ...,  10.47787385  10.34830319
   10.4241409 ]
 ..., 
 [ 10.57617486  10.63041409  10.47787385 ...,  10.41929174  10.48702576
   10.79943004]
 [ 10.25126045  10.89427975  10.34830319 ...,  10.48702576  10.78917694
   10.35453273]
 [ 10.7152643   10.37672267  10.4241409  ...,  10.79943004  10.35453273
   10.92584948]]
saving sigmas to:  ./sigmas/modelReal_newUpdate_Alpha110_1/modelReal_newUpdate_Alpha110_1_step20.npy
gm
[[ 1.          0.99974608  0.99877659 ...,  0.999509    0.99926264
   0.99999973]
 [ 0.99974608  1.          0.99913996 ...,  0.9997382   0.99960654
   0.99974105]
 [ 0.99877659  0.99913996  1.         ...,  0.99905505  0.99879669
   0.99885115]
 ..., 
 [ 0.999509    0.9997382   0.99905505 ...,  1.          0.99961519
   0.99953625]
 [ 0.99926264  0.99960654  0.99879669 ...,  0.99961519  1.          0.99928388]
 [ 0.99999973  0.99974105  0.99885115 ...,  0.99953625  0.99928388  1.        ]]
