Loading cqt and beats... 
Perform sync
cqt_med.shape: (322, 84)
Perform loadInterval2Frame
[[array([], dtype=float64), 'Silence'], [array([ 0, 18]), 'I'], [array([18, 50]), 'V'], [array([50, 81]), 'V'], [array([ 81, 113]), 'C'], [array([113, 130]), 'T'], [array([130, 161]), 'V'], [array([161, 193]), 'C'], [array([193, 242]), "T'"], [array([242, 274]), 'C'], [array([274, 321]), 'O'], [array([], dtype=float64), 'Silence']]
[[array([ 0, 18]), 'I'], [array([18, 50]), 'V'], [array([50, 81]), 'V'], [array([ 81, 113]), 'C'], [array([113, 130]), 'T'], [array([130, 161]), 'V'], [array([161, 193]), 'C'], [array([193, 242]), "T'"], [array([242, 274]), 'C'], [array([274, 321]), 'O']]
sigmas
[[ 10.69646919  10.60679717  10.12192148 ...,  10.57617486  10.25126045
   10.7152643 ]
 [ 10.60679717  10.19836569  10.13881301 ...,  10.63041409  10.89427975
   10.37672267]
 [ 10.12192148  10.13881301  10.80127678 ...,  10.47787385  10.34830319
   10.4241409 ]
 ..., 
 [ 10.57617486  10.63041409  10.47787385 ...,  10.41929174  10.48702582
   10.79943009]
 [ 10.25126045  10.89427975  10.34830319 ...,  10.48702582  10.78917694
   10.35449663]
 [ 10.7152643   10.37672267  10.4241409  ...,  10.79943009  10.35449663
   10.92584948]]
gm.shape:  (322, 322)
[[ 1.          0.99974608  0.99877659 ...,  0.999509    0.99926264
   0.99999973]
 [ 0.99974608  1.          0.99913996 ...,  0.9997382   0.99960654
   0.99974105]
 [ 0.99877659  0.99913996  1.         ...,  0.99905505  0.99879669
   0.99885115]
 ..., 
 [ 0.999509    0.9997382   0.99905505 ...,  1.          0.99961519
   0.99953625]
 [ 0.99926264  0.99960654  0.99879669 ...,  0.99961519  1.          0.99928388]
 [ 0.99999973  0.99974105  0.99885115 ...,  0.99953625  0.99928388  1.        ]]
L_true
[[ 1.         -0.05555556 -0.05555556 ..., -0.         -0.         -0.        ]
 [-0.05555556  1.         -0.05555556 ..., -0.         -0.         -0.        ]
 [-0.05555556 -0.05555556  1.         ..., -0.         -0.         -0.        ]
 ..., 
 [-0.         -0.         -0.         ...,  1.         -0.0212766
  -0.0212766 ]
 [-0.         -0.         -0.         ..., -0.0212766   1.         -0.0212766 ]
 [-0.         -0.         -0.         ..., -0.0212766  -0.0212766   1.        ]]
gm.shape, m_true.shape:  (322, 322) (322, 322)
gm is symmetric:  True
m_true is symmetric:  True
errors:  2.37209518497
sigmas:
[[ 10.69646919  10.60679717  10.12192148 ...,  10.57617486  10.25126045
   10.7152643 ]
 [ 10.60679717  10.19836569  10.13881301 ...,  10.63041409  10.89427975
   10.37672267]
 [ 10.12192148  10.13881301  10.80127678 ...,  10.47787385  10.34830319
   10.4241409 ]
 ..., 
 [ 10.57617486  10.63041409  10.47787385 ...,  10.41929174  10.48702581
   10.79943009]
 [ 10.25126045  10.89427975  10.34830319 ...,  10.48702581  10.78917694
   10.35450148]
 [ 10.7152643   10.37672267  10.4241409  ...,  10.79943009  10.35450148
   10.92584948]]
saving sigmas to:  ./sigmas/modelReal_newUpdate_Alpha310_1/modelReal_newUpdate_Alpha310_1_step0.npy
gm
[[ 1.          0.99974608  0.99877659 ...,  0.999509    0.99926264
   0.99999973]
 [ 0.99974608  1.          0.99913996 ...,  0.9997382   0.99960654
   0.99974105]
 [ 0.99877659  0.99913996  1.         ...,  0.99905505  0.99879669
   0.99885115]
 ..., 
 [ 0.999509    0.9997382   0.99905505 ...,  1.          0.99961519
   0.99953625]
 [ 0.99926264  0.99960654  0.99879669 ...,  0.99961519  1.          0.99928388]
 [ 0.99999973  0.99974105  0.99885115 ...,  0.99953625  0.99928388  1.        ]]
epoch:  0  errors:  2.37209518497
sigmas:
[[ 10.69646919  10.60679717  10.12192148 ...,  10.57617486  10.25126045
   10.7152643 ]
 [ 10.60679717  10.19836569  10.13881301 ...,  10.63041409  10.89427975
   10.37672267]
 [ 10.12192148  10.13881301  10.80127678 ...,  10.47787385  10.34830319
   10.4241409 ]
 ..., 
 [ 10.57617486  10.63041409  10.47787385 ...,  10.41929174  10.4870258
   10.79943008]
 [ 10.25126045  10.89427975  10.34830319 ...,  10.4870258   10.78917694
   10.35450632]
 [ 10.7152643   10.37672267  10.4241409  ...,  10.79943008  10.35450632
   10.92584948]]
saving sigmas to:  ./sigmas/modelReal_newUpdate_Alpha310_1/modelReal_newUpdate_Alpha310_1_step1.npy
gm
[[ 1.          0.99974608  0.99877659 ...,  0.999509    0.99926264
   0.99999973]
 [ 0.99974608  1.          0.99913996 ...,  0.9997382   0.99960654
   0.99974105]
 [ 0.99877659  0.99913996  1.         ...,  0.99905505  0.99879669
   0.99885115]
 ..., 
 [ 0.999509    0.9997382   0.99905505 ...,  1.          0.99961519
   0.99953625]
 [ 0.99926264  0.99960654  0.99879669 ...,  0.99961519  1.          0.99928388]
 [ 0.99999973  0.99974105  0.99885115 ...,  0.99953625  0.99928388  1.        ]]
epoch:  1  errors:  2.37209518497
sigmas:
[[ 10.69646919  10.60679717  10.12192148 ...,  10.57617486  10.25126045
   10.7152643 ]
 [ 10.60679717  10.19836569  10.13881302 ...,  10.63041409  10.89427975
   10.37672267]
 [ 10.12192148  10.13881302  10.80127678 ...,  10.47787385  10.34830319
   10.4241409 ]
 ..., 
 [ 10.57617486  10.63041409  10.47787385 ...,  10.41929174  10.4870258
   10.79943007]
 [ 10.25126045  10.89427975  10.34830319 ...,  10.4870258   10.78917694
   10.35451116]
 [ 10.7152643   10.37672267  10.4241409  ...,  10.79943007  10.35451116
   10.92584948]]
saving sigmas to:  ./sigmas/modelReal_newUpdate_Alpha310_1/modelReal_newUpdate_Alpha310_1_step2.npy
gm
[[ 1.          0.99974608  0.99877659 ...,  0.999509    0.99926264
   0.99999973]
 [ 0.99974608  1.          0.99913996 ...,  0.9997382   0.99960654
   0.99974105]
 [ 0.99877659  0.99913996  1.         ...,  0.99905505  0.99879669
   0.99885115]
 ..., 
 [ 0.999509    0.9997382   0.99905505 ...,  1.          0.99961519
   0.99953625]
 [ 0.99926264  0.99960654  0.99879669 ...,  0.99961519  1.          0.99928388]
 [ 0.99999973  0.99974105  0.99885115 ...,  0.99953625  0.99928388  1.        ]]
epoch:  2  errors:  2.37209518497
sigmas:
[[ 10.69646919  10.60679717  10.12192148 ...,  10.57617486  10.25126045
   10.7152643 ]
 [ 10.60679717  10.19836569  10.13881302 ...,  10.63041409  10.89427975
   10.37672267]
 [ 10.12192148  10.13881302  10.80127678 ...,  10.47787385  10.34830319
   10.4241409 ]
 ..., 
 [ 10.57617486  10.63041409  10.47787385 ...,  10.41929174  10.48702579
   10.79943006]
 [ 10.25126045  10.89427975  10.34830319 ...,  10.48702579  10.78917694
   10.35451601]
 [ 10.7152643   10.37672267  10.4241409  ...,  10.79943006  10.35451601
   10.92584948]]
saving sigmas to:  ./sigmas/modelReal_newUpdate_Alpha310_1/modelReal_newUpdate_Alpha310_1_step3.npy
gm
[[ 1.          0.99974608  0.99877659 ...,  0.999509    0.99926264
   0.99999973]
 [ 0.99974608  1.          0.99913996 ...,  0.9997382   0.99960654
   0.99974105]
 [ 0.99877659  0.99913996  1.         ...,  0.99905505  0.99879669
   0.99885115]
 ..., 
 [ 0.999509    0.9997382   0.99905505 ...,  1.          0.99961519
   0.99953625]
 [ 0.99926264  0.99960654  0.99879669 ...,  0.99961519  1.          0.99928388]
 [ 0.99999973  0.99974105  0.99885115 ...,  0.99953625  0.99928388  1.        ]]
epoch:  3  errors:  2.37209518498
sigmas:
[[ 10.69646919  10.60679717  10.12192149 ...,  10.57617486  10.25126045
   10.7152643 ]
 [ 10.60679717  10.19836569  10.13881302 ...,  10.63041409  10.89427975
   10.37672267]
 [ 10.12192149  10.13881302  10.80127678 ...,  10.47787385  10.34830319
   10.4241409 ]
 ..., 
 [ 10.57617486  10.63041409  10.47787385 ...,  10.41929174  10.48702578
   10.79943005]
 [ 10.25126045  10.89427975  10.34830319 ...,  10.48702578  10.78917694
   10.35452085]
 [ 10.7152643   10.37672267  10.4241409  ...,  10.79943005  10.35452085
   10.92584948]]
saving sigmas to:  ./sigmas/modelReal_newUpdate_Alpha310_1/modelReal_newUpdate_Alpha310_1_step4.npy
gm
[[ 1.          0.99974608  0.99877659 ...,  0.999509    0.99926264
   0.99999973]
 [ 0.99974608  1.          0.99913996 ...,  0.9997382   0.99960654
   0.99974105]
 [ 0.99877659  0.99913996  1.         ...,  0.99905505  0.99879669
   0.99885115]
 ..., 
 [ 0.999509    0.9997382   0.99905505 ...,  1.          0.99961519
   0.99953625]
 [ 0.99926264  0.99960654  0.99879669 ...,  0.99961519  1.          0.99928388]
 [ 0.99999973  0.99974105  0.99885115 ...,  0.99953625  0.99928388  1.        ]]
epoch:  4  errors:  2.37209518498
sigmas:
[[ 10.69646919  10.60679717  10.12192149 ...,  10.57617486  10.25126045
   10.7152643 ]
 [ 10.60679717  10.19836569  10.13881302 ...,  10.63041409  10.89427975
   10.37672267]
 [ 10.12192149  10.13881302  10.80127678 ...,  10.47787385  10.34830319
   10.4241409 ]
 ..., 
 [ 10.57617486  10.63041409  10.47787385 ...,  10.41929174  10.48702577
   10.79943005]
 [ 10.25126045  10.89427975  10.34830319 ...,  10.48702577  10.78917694
   10.3545257 ]
 [ 10.7152643   10.37672267  10.4241409  ...,  10.79943005  10.3545257
   10.92584948]]
saving sigmas to:  ./sigmas/modelReal_newUpdate_Alpha310_1/modelReal_newUpdate_Alpha310_1_step5.npy
gm
[[ 1.          0.99974608  0.99877659 ...,  0.999509    0.99926264
   0.99999973]
 [ 0.99974608  1.          0.99913996 ...,  0.9997382   0.99960654
   0.99974105]
 [ 0.99877659  0.99913996  1.         ...,  0.99905505  0.99879669
   0.99885115]
 ..., 
 [ 0.999509    0.9997382   0.99905505 ...,  1.          0.99961519
   0.99953625]
 [ 0.99926264  0.99960654  0.99879669 ...,  0.99961519  1.          0.99928388]
 [ 0.99999973  0.99974105  0.99885115 ...,  0.99953625  0.99928388  1.        ]]
epoch:  5  errors:  2.37209518498
sigmas:
[[ 10.69646919  10.60679717  10.12192149 ...,  10.57617486  10.25126045
   10.7152643 ]
 [ 10.60679717  10.19836569  10.13881302 ...,  10.63041409  10.89427975
   10.37672267]
 [ 10.12192149  10.13881302  10.80127678 ...,  10.47787385  10.34830319
   10.4241409 ]
 ..., 
 [ 10.57617486  10.63041409  10.47787385 ...,  10.41929174  10.48702577
   10.79943004]
 [ 10.25126045  10.89427975  10.34830319 ...,  10.48702577  10.78917694
   10.35453054]
 [ 10.7152643   10.37672267  10.4241409  ...,  10.79943004  10.35453054
   10.92584948]]
saving sigmas to:  ./sigmas/modelReal_newUpdate_Alpha310_1/modelReal_newUpdate_Alpha310_1_step6.npy
gm
[[ 1.          0.99974608  0.99877659 ...,  0.999509    0.99926264
   0.99999973]
 [ 0.99974608  1.          0.99913996 ...,  0.9997382   0.99960654
   0.99974105]
 [ 0.99877659  0.99913996  1.         ...,  0.99905505  0.99879669
   0.99885115]
 ..., 
 [ 0.999509    0.9997382   0.99905505 ...,  1.          0.99961519
   0.99953625]
 [ 0.99926264  0.99960654  0.99879669 ...,  0.99961519  1.          0.99928388]
 [ 0.99999973  0.99974105  0.99885115 ...,  0.99953625  0.99928388  1.        ]]
epoch:  6  errors:  2.37209518498
sigmas:
[[ 10.69646919  10.60679717  10.12192149 ...,  10.57617486  10.25126045
   10.7152643 ]
 [ 10.60679717  10.19836569  10.13881303 ...,  10.63041409  10.89427975
   10.37672267]
 [ 10.12192149  10.13881303  10.80127678 ...,  10.47787385  10.34830319
   10.4241409 ]
 ..., 
 [ 10.57617486  10.63041409  10.47787385 ...,  10.41929174  10.48702576
   10.79943003]
 [ 10.25126045  10.89427975  10.34830319 ...,  10.48702576  10.78917694
   10.35453538]
 [ 10.7152643   10.37672267  10.4241409  ...,  10.79943003  10.35453538
   10.92584948]]
saving sigmas to:  ./sigmas/modelReal_newUpdate_Alpha310_1/modelReal_newUpdate_Alpha310_1_step7.npy
gm
[[ 1.          0.99974608  0.99877659 ...,  0.999509    0.99926264
   0.99999973]
 [ 0.99974608  1.          0.99913996 ...,  0.9997382   0.99960654
   0.99974105]
 [ 0.99877659  0.99913996  1.         ...,  0.99905505  0.99879669
   0.99885115]
 ..., 
 [ 0.999509    0.9997382   0.99905505 ...,  1.          0.99961519
   0.99953625]
 [ 0.99926264  0.99960654  0.99879669 ...,  0.99961519  1.          0.99928388]
 [ 0.99999973  0.99974105  0.99885115 ...,  0.99953625  0.99928388  1.        ]]
epoch:  7  errors:  2.37209518498
sigmas:
[[ 10.69646919  10.60679717  10.1219215  ...,  10.57617486  10.25126045
   10.7152643 ]
 [ 10.60679717  10.19836569  10.13881303 ...,  10.63041409  10.89427975
   10.37672267]
 [ 10.1219215   10.13881303  10.80127678 ...,  10.47787385  10.34830319
   10.4241409 ]
 ..., 
 [ 10.57617486  10.63041409  10.47787385 ...,  10.41929174  10.48702575
   10.79943002]
 [ 10.25126045  10.89427975  10.34830319 ...,  10.48702575  10.78917694
   10.35454023]
 [ 10.7152643   10.37672267  10.4241409  ...,  10.79943002  10.35454023
   10.92584948]]
saving sigmas to:  ./sigmas/modelReal_newUpdate_Alpha310_1/modelReal_newUpdate_Alpha310_1_step8.npy
gm
[[ 1.          0.99974608  0.99877659 ...,  0.999509    0.99926264
   0.99999973]
 [ 0.99974608  1.          0.99913996 ...,  0.9997382   0.99960654
   0.99974105]
 [ 0.99877659  0.99913996  1.         ...,  0.99905505  0.99879669
   0.99885115]
 ..., 
 [ 0.999509    0.9997382   0.99905505 ...,  1.          0.99961519
   0.99953625]
 [ 0.99926264  0.99960654  0.99879669 ...,  0.99961519  1.          0.99928389]
 [ 0.99999973  0.99974105  0.99885115 ...,  0.99953625  0.99928389  1.        ]]
epoch:  8  errors:  2.37209518498
sigmas:
[[ 10.69646919  10.60679717  10.1219215  ...,  10.57617486  10.25126045
   10.7152643 ]
 [ 10.60679717  10.19836569  10.13881303 ...,  10.63041409  10.89427975
   10.37672267]
 [ 10.1219215   10.13881303  10.80127678 ...,  10.47787385  10.34830319
   10.4241409 ]
 ..., 
 [ 10.57617486  10.63041409  10.47787385 ...,  10.41929174  10.48702574
   10.79943002]
 [ 10.25126045  10.89427975  10.34830319 ...,  10.48702574  10.78917694
   10.35454507]
 [ 10.7152643   10.37672267  10.4241409  ...,  10.79943002  10.35454507
   10.92584948]]
saving sigmas to:  ./sigmas/modelReal_newUpdate_Alpha310_1/modelReal_newUpdate_Alpha310_1_step9.npy
gm
[[ 1.          0.99974608  0.99877659 ...,  0.999509    0.99926264
   0.99999973]
 [ 0.99974608  1.          0.99913996 ...,  0.9997382   0.99960654
   0.99974105]
 [ 0.99877659  0.99913996  1.         ...,  0.99905505  0.99879669
   0.99885115]
 ..., 
 [ 0.999509    0.9997382   0.99905505 ...,  1.          0.99961519
   0.99953625]
 [ 0.99926264  0.99960654  0.99879669 ...,  0.99961519  1.          0.99928389]
 [ 0.99999973  0.99974105  0.99885115 ...,  0.99953625  0.99928389  1.        ]]
epoch:  9  errors:  2.37209518498
sigmas:
[[ 10.69646919  10.60679717  10.1219215  ...,  10.57617486  10.25126045
   10.7152643 ]
 [ 10.60679717  10.19836569  10.13881303 ...,  10.63041409  10.89427975
   10.37672267]
 [ 10.1219215   10.13881303  10.80127678 ...,  10.47787385  10.34830319
   10.4241409 ]
 ..., 
 [ 10.57617486  10.63041409  10.47787385 ...,  10.41929174  10.48702573
   10.79943001]
 [ 10.25126045  10.89427975  10.34830319 ...,  10.48702573  10.78917694
   10.35454991]
 [ 10.7152643   10.37672267  10.4241409  ...,  10.79943001  10.35454991
   10.92584948]]
saving sigmas to:  ./sigmas/modelReal_newUpdate_Alpha310_1/modelReal_newUpdate_Alpha310_1_step10.npy
gm
[[ 1.          0.99974608  0.99877659 ...,  0.999509    0.99926264
   0.99999973]
 [ 0.99974608  1.          0.99913996 ...,  0.9997382   0.99960654
   0.99974105]
 [ 0.99877659  0.99913996  1.         ...,  0.99905505  0.99879669
   0.99885115]
 ..., 
 [ 0.999509    0.9997382   0.99905505 ...,  1.          0.99961519
   0.99953625]
 [ 0.99926264  0.99960654  0.99879669 ...,  0.99961519  1.          0.99928389]
 [ 0.99999973  0.99974105  0.99885115 ...,  0.99953625  0.99928389  1.        ]]
epoch:  10  errors:  2.37209518498
sigmas:
[[ 10.69646919  10.60679717  10.1219215  ...,  10.57617486  10.25126045
   10.7152643 ]
 [ 10.60679717  10.19836569  10.13881303 ...,  10.63041409  10.89427975
   10.37672267]
 [ 10.1219215   10.13881303  10.80127678 ...,  10.47787385  10.34830319
   10.4241409 ]
 ..., 
 [ 10.57617486  10.63041409  10.47787385 ...,  10.41929174  10.48702573
   10.79943   ]
 [ 10.25126045  10.89427975  10.34830319 ...,  10.48702573  10.78917694
   10.35455476]
 [ 10.7152643   10.37672267  10.4241409  ...,  10.79943     10.35455476
   10.92584948]]
saving sigmas to:  ./sigmas/modelReal_newUpdate_Alpha310_1/modelReal_newUpdate_Alpha310_1_step11.npy
gm
[[ 1.          0.99974608  0.99877659 ...,  0.999509    0.99926264
   0.99999973]
 [ 0.99974608  1.          0.99913996 ...,  0.9997382   0.99960654
   0.99974105]
 [ 0.99877659  0.99913996  1.         ...,  0.99905505  0.99879669
   0.99885115]
 ..., 
 [ 0.999509    0.9997382   0.99905505 ...,  1.          0.99961519
   0.99953625]
 [ 0.99926264  0.99960654  0.99879669 ...,  0.99961519  1.          0.99928389]
 [ 0.99999973  0.99974105  0.99885115 ...,  0.99953625  0.99928389  1.        ]]
epoch:  11  errors:  2.37209518499
sigmas:
[[ 10.69646919  10.60679717  10.1219215  ...,  10.57617486  10.25126045
   10.7152643 ]
 [ 10.60679717  10.19836569  10.13881304 ...,  10.63041409  10.89427975
   10.37672267]
 [ 10.1219215   10.13881304  10.80127678 ...,  10.47787385  10.34830319
   10.4241409 ]
 ..., 
 [ 10.57617486  10.63041409  10.47787385 ...,  10.41929174  10.48702572
   10.79942999]
 [ 10.25126045  10.89427975  10.34830319 ...,  10.48702572  10.78917694
   10.3545596 ]
 [ 10.7152643   10.37672267  10.4241409  ...,  10.79942999  10.3545596
   10.92584948]]
saving sigmas to:  ./sigmas/modelReal_newUpdate_Alpha310_1/modelReal_newUpdate_Alpha310_1_step12.npy
gm
[[ 1.          0.99974608  0.99877659 ...,  0.999509    0.99926264
   0.99999973]
 [ 0.99974608  1.          0.99913996 ...,  0.9997382   0.99960654
   0.99974105]
 [ 0.99877659  0.99913996  1.         ...,  0.99905505  0.99879669
   0.99885115]
 ..., 
 [ 0.999509    0.9997382   0.99905505 ...,  1.          0.99961519
   0.99953625]
 [ 0.99926264  0.99960654  0.99879669 ...,  0.99961519  1.          0.99928389]
 [ 0.99999973  0.99974105  0.99885115 ...,  0.99953625  0.99928389  1.        ]]
epoch:  12  errors:  2.37209518499
sigmas:
[[ 10.69646919  10.60679717  10.12192151 ...,  10.57617486  10.25126045
   10.7152643 ]
 [ 10.60679717  10.19836569  10.13881304 ...,  10.63041409  10.89427975
   10.37672267]
 [ 10.12192151  10.13881304  10.80127678 ...,  10.47787385  10.34830319
   10.4241409 ]
 ..., 
 [ 10.57617486  10.63041409  10.47787385 ...,  10.41929174  10.48702571
   10.79942999]
 [ 10.25126045  10.89427975  10.34830319 ...,  10.48702571  10.78917694
   10.35456445]
 [ 10.7152643   10.37672267  10.4241409  ...,  10.79942999  10.35456445
   10.92584948]]
saving sigmas to:  ./sigmas/modelReal_newUpdate_Alpha310_1/modelReal_newUpdate_Alpha310_1_step13.npy
gm
[[ 1.          0.99974608  0.99877659 ...,  0.999509    0.99926264
   0.99999973]
 [ 0.99974608  1.          0.99913996 ...,  0.9997382   0.99960654
   0.99974105]
 [ 0.99877659  0.99913996  1.         ...,  0.99905505  0.99879669
   0.99885115]
 ..., 
 [ 0.999509    0.9997382   0.99905505 ...,  1.          0.99961519
   0.99953625]
 [ 0.99926264  0.99960654  0.99879669 ...,  0.99961519  1.          0.99928389]
 [ 0.99999973  0.99974105  0.99885115 ...,  0.99953625  0.99928389  1.        ]]
epoch:  13  errors:  2.37209518499
sigmas:
[[ 10.69646919  10.60679717  10.12192151 ...,  10.57617486  10.25126045
   10.7152643 ]
 [ 10.60679717  10.19836569  10.13881304 ...,  10.63041409  10.89427975
   10.37672267]
 [ 10.12192151  10.13881304  10.80127678 ...,  10.47787385  10.34830319
   10.4241409 ]
 ..., 
 [ 10.57617486  10.63041409  10.47787385 ...,  10.41929174  10.4870257
   10.79942998]
 [ 10.25126045  10.89427975  10.34830319 ...,  10.4870257   10.78917694
   10.35456929]
 [ 10.7152643   10.37672267  10.4241409  ...,  10.79942998  10.35456929
   10.92584948]]
saving sigmas to:  ./sigmas/modelReal_newUpdate_Alpha310_1/modelReal_newUpdate_Alpha310_1_step14.npy
gm
[[ 1.          0.99974608  0.99877659 ...,  0.999509    0.99926264
   0.99999973]
 [ 0.99974608  1.          0.99913996 ...,  0.9997382   0.99960654
   0.99974105]
 [ 0.99877659  0.99913996  1.         ...,  0.99905505  0.99879669
   0.99885115]
 ..., 
 [ 0.999509    0.9997382   0.99905505 ...,  1.          0.99961519
   0.99953625]
 [ 0.99926264  0.99960654  0.99879669 ...,  0.99961519  1.          0.99928389]
 [ 0.99999973  0.99974105  0.99885115 ...,  0.99953625  0.99928389  1.        ]]
epoch:  14  errors:  2.37209518499
sigmas:
[[ 10.69646919  10.60679717  10.12192151 ...,  10.57617486  10.25126045
   10.7152643 ]
 [ 10.60679717  10.19836569  10.13881304 ...,  10.63041409  10.89427975
   10.37672267]
 [ 10.12192151  10.13881304  10.80127678 ...,  10.47787385  10.34830319
   10.4241409 ]
 ..., 
 [ 10.57617486  10.63041409  10.47787385 ...,  10.41929174  10.4870257
   10.79942997]
 [ 10.25126045  10.89427975  10.34830319 ...,  10.4870257   10.78917694
   10.35457413]
 [ 10.7152643   10.37672267  10.4241409  ...,  10.79942997  10.35457413
   10.92584948]]
saving sigmas to:  ./sigmas/modelReal_newUpdate_Alpha310_1/modelReal_newUpdate_Alpha310_1_step15.npy
gm
[[ 1.          0.99974608  0.99877659 ...,  0.999509    0.99926264
   0.99999973]
 [ 0.99974608  1.          0.99913996 ...,  0.9997382   0.99960654
   0.99974105]
 [ 0.99877659  0.99913996  1.         ...,  0.99905505  0.99879669
   0.99885115]
 ..., 
 [ 0.999509    0.9997382   0.99905505 ...,  1.          0.99961519
   0.99953625]
 [ 0.99926264  0.99960654  0.99879669 ...,  0.99961519  1.          0.99928389]
 [ 0.99999973  0.99974105  0.99885115 ...,  0.99953625  0.99928389  1.        ]]
epoch:  15  errors:  2.37209518499
sigmas:
[[ 10.69646919  10.60679717  10.12192151 ...,  10.57617486  10.25126045
   10.7152643 ]
 [ 10.60679717  10.19836569  10.13881304 ...,  10.63041409  10.89427975
   10.37672267]
 [ 10.12192151  10.13881304  10.80127678 ...,  10.47787385  10.34830319
   10.4241409 ]
 ..., 
 [ 10.57617486  10.63041409  10.47787385 ...,  10.41929174  10.48702569
   10.79942996]
 [ 10.25126045  10.89427975  10.34830319 ...,  10.48702569  10.78917694
   10.35457898]
 [ 10.7152643   10.37672267  10.4241409  ...,  10.79942996  10.35457898
   10.92584948]]
saving sigmas to:  ./sigmas/modelReal_newUpdate_Alpha310_1/modelReal_newUpdate_Alpha310_1_step16.npy
gm
[[ 1.          0.99974608  0.99877659 ...,  0.999509    0.99926264
   0.99999973]
 [ 0.99974608  1.          0.99913996 ...,  0.9997382   0.99960654
   0.99974105]
 [ 0.99877659  0.99913996  1.         ...,  0.99905505  0.99879669
   0.99885115]
 ..., 
 [ 0.999509    0.9997382   0.99905505 ...,  1.          0.99961519
   0.99953625]
 [ 0.99926264  0.99960654  0.99879669 ...,  0.99961519  1.          0.99928389]
 [ 0.99999973  0.99974105  0.99885115 ...,  0.99953625  0.99928389  1.        ]]
epoch:  16  errors:  2.37209518499
sigmas:
[[ 10.69646919  10.60679718  10.12192151 ...,  10.57617486  10.25126045
   10.7152643 ]
 [ 10.60679718  10.19836569  10.13881305 ...,  10.63041409  10.89427975
   10.37672267]
 [ 10.12192151  10.13881305  10.80127678 ...,  10.47787385  10.34830319
   10.4241409 ]
 ..., 
 [ 10.57617486  10.63041409  10.47787385 ...,  10.41929174  10.48702568
   10.79942996]
 [ 10.25126045  10.89427975  10.34830319 ...,  10.48702568  10.78917694
   10.35458382]
 [ 10.7152643   10.37672267  10.4241409  ...,  10.79942996  10.35458382
   10.92584948]]
saving sigmas to:  ./sigmas/modelReal_newUpdate_Alpha310_1/modelReal_newUpdate_Alpha310_1_step17.npy
gm
[[ 1.          0.99974608  0.99877659 ...,  0.999509    0.99926264
   0.99999973]
 [ 0.99974608  1.          0.99913996 ...,  0.9997382   0.99960654
   0.99974105]
 [ 0.99877659  0.99913996  1.         ...,  0.99905505  0.99879669
   0.99885115]
 ..., 
 [ 0.999509    0.9997382   0.99905505 ...,  1.          0.99961519
   0.99953625]
 [ 0.99926264  0.99960654  0.99879669 ...,  0.99961519  1.          0.99928389]
 [ 0.99999973  0.99974105  0.99885115 ...,  0.99953625  0.99928389  1.        ]]
epoch:  17  errors:  2.37209518499
sigmas:
[[ 10.69646919  10.60679718  10.12192152 ...,  10.57617486  10.25126045
   10.7152643 ]
 [ 10.60679718  10.19836569  10.13881305 ...,  10.63041409  10.89427975
   10.37672267]
 [ 10.12192152  10.13881305  10.80127678 ...,  10.47787385  10.34830319
   10.4241409 ]
 ..., 
 [ 10.57617486  10.63041409  10.47787385 ...,  10.41929174  10.48702567
   10.79942995]
 [ 10.25126045  10.89427975  10.34830319 ...,  10.48702567  10.78917694
   10.35458866]
 [ 10.7152643   10.37672267  10.4241409  ...,  10.79942995  10.35458866
   10.92584948]]
saving sigmas to:  ./sigmas/modelReal_newUpdate_Alpha310_1/modelReal_newUpdate_Alpha310_1_step18.npy
gm
[[ 1.          0.99974608  0.99877659 ...,  0.999509    0.99926264
   0.99999973]
 [ 0.99974608  1.          0.99913996 ...,  0.9997382   0.99960654
   0.99974105]
 [ 0.99877659  0.99913996  1.         ...,  0.99905505  0.99879669
   0.99885115]
 ..., 
 [ 0.999509    0.9997382   0.99905505 ...,  1.          0.99961519
   0.99953625]
 [ 0.99926264  0.99960654  0.99879669 ...,  0.99961519  1.          0.99928389]
 [ 0.99999973  0.99974105  0.99885115 ...,  0.99953625  0.99928389  1.        ]]
epoch:  18  errors:  2.372095185
sigmas:
[[ 10.69646919  10.60679718  10.12192152 ...,  10.57617486  10.25126045
   10.7152643 ]
 [ 10.60679718  10.19836569  10.13881305 ...,  10.63041409  10.89427975
   10.37672267]
 [ 10.12192152  10.13881305  10.80127678 ...,  10.47787385  10.34830319
   10.4241409 ]
 ..., 
 [ 10.57617486  10.63041409  10.47787385 ...,  10.41929174  10.48702567
   10.79942994]
 [ 10.25126045  10.89427975  10.34830319 ...,  10.48702567  10.78917694
   10.35459351]
 [ 10.7152643   10.37672267  10.4241409  ...,  10.79942994  10.35459351
   10.92584948]]
saving sigmas to:  ./sigmas/modelReal_newUpdate_Alpha310_1/modelReal_newUpdate_Alpha310_1_step19.npy
gm
[[ 1.          0.99974608  0.99877659 ...,  0.999509    0.99926264
   0.99999973]
 [ 0.99974608  1.          0.99913996 ...,  0.9997382   0.99960654
   0.99974105]
 [ 0.99877659  0.99913996  1.         ...,  0.99905505  0.99879669
   0.99885115]
 ..., 
 [ 0.999509    0.9997382   0.99905505 ...,  1.          0.99961519
   0.99953625]
 [ 0.99926264  0.99960654  0.99879669 ...,  0.99961519  1.          0.99928389]
 [ 0.99999973  0.99974105  0.99885115 ...,  0.99953625  0.99928389  1.        ]]
epoch:  19  errors:  2.372095185
sigmas:
[[ 10.69646919  10.60679718  10.12192152 ...,  10.57617486  10.25126045
   10.7152643 ]
 [ 10.60679718  10.19836569  10.13881305 ...,  10.63041409  10.89427975
   10.37672267]
 [ 10.12192152  10.13881305  10.80127678 ...,  10.47787385  10.34830319
   10.4241409 ]
 ..., 
 [ 10.57617486  10.63041409  10.47787385 ...,  10.41929174  10.48702566
   10.79942993]
 [ 10.25126045  10.89427975  10.34830319 ...,  10.48702566  10.78917694
   10.35459835]
 [ 10.7152643   10.37672267  10.4241409  ...,  10.79942993  10.35459835
   10.92584948]]
saving sigmas to:  ./sigmas/modelReal_newUpdate_Alpha310_1/modelReal_newUpdate_Alpha310_1_step20.npy
gm
[[ 1.          0.99974608  0.99877659 ...,  0.999509    0.99926264
   0.99999973]
 [ 0.99974608  1.          0.99913996 ...,  0.9997382   0.99960654
   0.99974105]
 [ 0.99877659  0.99913996  1.         ...,  0.99905505  0.99879669
   0.99885115]
 ..., 
 [ 0.999509    0.9997382   0.99905505 ...,  1.          0.99961519
   0.99953625]
 [ 0.99926264  0.99960654  0.99879669 ...,  0.99961519  1.          0.99928389]
 [ 0.99999973  0.99974105  0.99885115 ...,  0.99953625  0.99928389  1.        ]]
epoch:  20  errors:  2.372095185
sigmas:
[[ 10.69646919  10.60679718  10.12192152 ...,  10.57617486  10.25126045
   10.7152643 ]
 [ 10.60679718  10.19836569  10.13881305 ...,  10.63041409  10.89427975
   10.37672267]
 [ 10.12192152  10.13881305  10.80127678 ...,  10.47787385  10.34830319
   10.4241409 ]
 ..., 
 [ 10.57617486  10.63041409  10.47787385 ...,  10.41929174  10.48702565
   10.79942993]
 [ 10.25126045  10.89427975  10.34830319 ...,  10.48702565  10.78917694
   10.3546032 ]
 [ 10.7152643   10.37672267  10.4241409  ...,  10.79942993  10.3546032
   10.92584948]]
saving sigmas to:  ./sigmas/modelReal_newUpdate_Alpha310_1/modelReal_newUpdate_Alpha310_1_step21.npy
gm
[[ 1.          0.99974608  0.99877659 ...,  0.999509    0.99926264
   0.99999973]
 [ 0.99974608  1.          0.99913996 ...,  0.9997382   0.99960654
   0.99974105]
 [ 0.99877659  0.99913996  1.         ...,  0.99905505  0.99879669
   0.99885115]
 ..., 
 [ 0.999509    0.9997382   0.99905505 ...,  1.          0.99961519
   0.99953625]
 [ 0.99926264  0.99960654  0.99879669 ...,  0.99961519  1.          0.99928389]
 [ 0.99999973  0.99974105  0.99885115 ...,  0.99953625  0.99928389  1.        ]]
epoch:  21  errors:  2.372095185
sigmas:
[[ 10.69646919  10.60679718  10.12192152 ...,  10.57617486  10.25126045
   10.7152643 ]
 [ 10.60679718  10.19836569  10.13881306 ...,  10.63041409  10.89427975
   10.37672267]
 [ 10.12192152  10.13881306  10.80127678 ...,  10.47787385  10.34830319
   10.4241409 ]
 ..., 
 [ 10.57617486  10.63041409  10.47787385 ...,  10.41929174  10.48702564
   10.79942992]
 [ 10.25126045  10.89427975  10.34830319 ...,  10.48702564  10.78917694
   10.35460804]
 [ 10.7152643   10.37672267  10.4241409  ...,  10.79942992  10.35460804
   10.92584948]]
saving sigmas to:  ./sigmas/modelReal_newUpdate_Alpha310_1/modelReal_newUpdate_Alpha310_1_step22.npy
gm
[[ 1.          0.99974608  0.99877659 ...,  0.999509    0.99926264
   0.99999973]
 [ 0.99974608  1.          0.99913996 ...,  0.9997382   0.99960654
   0.99974105]
 [ 0.99877659  0.99913996  1.         ...,  0.99905505  0.99879669
   0.99885115]
 ..., 
 [ 0.999509    0.9997382   0.99905505 ...,  1.          0.99961519
   0.99953625]
 [ 0.99926264  0.99960654  0.99879669 ...,  0.99961519  1.          0.99928389]
 [ 0.99999973  0.99974105  0.99885115 ...,  0.99953625  0.99928389  1.        ]]
