Loading cqt and beats... 
Perform sync
cqt_med.shape: (322, 84)
Perform loadInterval2Frame
[[array([], dtype=float64), 'Silence'], [array([ 0, 18]), 'I'], [array([18, 50]), 'V'], [array([50, 81]), 'V'], [array([ 81, 113]), 'C'], [array([113, 130]), 'T'], [array([130, 161]), 'V'], [array([161, 193]), 'C'], [array([193, 242]), "T'"], [array([242, 274]), 'C'], [array([274, 321]), 'O'], [array([], dtype=float64), 'Silence']]
[[array([ 0, 18]), 'I'], [array([18, 50]), 'V'], [array([50, 81]), 'V'], [array([ 81, 113]), 'C'], [array([113, 130]), 'T'], [array([130, 161]), 'V'], [array([161, 193]), 'C'], [array([193, 242]), "T'"], [array([242, 274]), 'C'], [array([274, 321]), 'O']]
sigmas
[[ 32.08940756  31.8203915   30.36576443 ...,  31.72852457  30.75378135
   32.14579289]
 [ 31.8203915   30.59509707  30.41643903 ...,  31.89124228  32.68283926
   31.130168  ]
 [ 30.36576443  30.41643903  32.40383035 ...,  31.43362156  31.04490956
   31.27242269]
 ..., 
 [ 31.72852457  31.89124228  31.43362156 ...,  31.25787521  31.46107745
   32.39829028]
 [ 30.75378135  32.68283926  31.04490956 ...,  31.46107745  32.36753081
   31.0634899 ]
 [ 32.14579289  31.130168    31.27242269 ...,  32.39829028  31.0634899
   32.77754845]]
gm.shape:  (322, 322)
[[ 1.          0.99997178  0.99986399 ...,  0.99994543  0.99991804
   0.99999997]
 [ 0.99997178  1.          0.9999044  ...,  0.99997091  0.99995627
   0.99997122]
 [ 0.99986399  0.9999044   1.         ...,  0.99989496  0.99986623
   0.99987228]
 ..., 
 [ 0.99994543  0.99997091  0.99989496 ...,  1.          0.99995724
   0.99994846]
 [ 0.99991804  0.99995627  0.99986623 ...,  0.99995724  1.          0.99992041]
 [ 0.99999997  0.99997122  0.99987228 ...,  0.99994846  0.99992041  1.        ]]
L_true
[[ 1.         -0.05555556 -0.05555556 ..., -0.         -0.         -0.        ]
 [-0.05555556  1.         -0.05555556 ..., -0.         -0.         -0.        ]
 [-0.05555556 -0.05555556  1.         ..., -0.         -0.         -0.        ]
 ..., 
 [-0.         -0.         -0.         ...,  1.         -0.0212766
  -0.0212766 ]
 [-0.         -0.         -0.         ..., -0.0212766   1.         -0.0212766 ]
 [-0.         -0.         -0.         ..., -0.0212766  -0.0212766   1.        ]]
gm.shape, m_true.shape:  (322, 322) (322, 322)
gm is symmetric:  True
m_true is symmetric:  True
errors:  2.37237104725
sigmas:
[[ 32.08940756  31.8203915   30.36576443 ...,  31.72852457  30.75378135
   32.14579289]
 [ 31.8203915   30.59509707  30.41643903 ...,  31.89124228  32.68283926
   31.130168  ]
 [ 30.36576443  30.41643903  32.40383035 ...,  31.43362156  31.04490956
   31.27242269]
 ..., 
 [ 31.72852457  31.89124228  31.43362156 ...,  31.25787521  31.46107745
   32.39829028]
 [ 30.75378135  32.68283926  31.04490956 ...,  31.46107745  32.36753081
   31.06349005]
 [ 32.14579289  31.130168    31.27242269 ...,  32.39829028  31.06349005
   32.77754845]]
saving sigmas to:  ./sigmas/modelReal_newUpdate_Alpha260_3/modelReal_newUpdate_Alpha260_3_step0.npy
gm
[[ 1.          0.99997178  0.99986399 ...,  0.99994543  0.99991804
   0.99999997]
 [ 0.99997178  1.          0.9999044  ...,  0.99997091  0.99995627
   0.99997122]
 [ 0.99986399  0.9999044   1.         ...,  0.99989496  0.99986623
   0.99987228]
 ..., 
 [ 0.99994543  0.99997091  0.99989496 ...,  1.          0.99995724
   0.99994846]
 [ 0.99991804  0.99995627  0.99986623 ...,  0.99995724  1.          0.99992041]
 [ 0.99999997  0.99997122  0.99987228 ...,  0.99994846  0.99992041  1.        ]]
epoch:  0  errors:  2.37237104725
sigmas:
[[ 32.08940756  31.8203915   30.36576443 ...,  31.72852457  30.75378135
   32.14579289]
 [ 31.8203915   30.59509707  30.41643903 ...,  31.89124228  32.68283926
   31.130168  ]
 [ 30.36576443  30.41643903  32.40383035 ...,  31.43362156  31.04490956
   31.27242269]
 ..., 
 [ 31.72852457  31.89124228  31.43362156 ...,  31.25787521  31.46107745
   32.39829028]
 [ 30.75378135  32.68283926  31.04490956 ...,  31.46107745  32.36753081
   31.0634902 ]
 [ 32.14579289  31.130168    31.27242269 ...,  32.39829028  31.0634902
   32.77754845]]
saving sigmas to:  ./sigmas/modelReal_newUpdate_Alpha260_3/modelReal_newUpdate_Alpha260_3_step1.npy
gm
[[ 1.          0.99997178  0.99986399 ...,  0.99994543  0.99991804
   0.99999997]
 [ 0.99997178  1.          0.9999044  ...,  0.99997091  0.99995627
   0.99997122]
 [ 0.99986399  0.9999044   1.         ...,  0.99989496  0.99986623
   0.99987228]
 ..., 
 [ 0.99994543  0.99997091  0.99989496 ...,  1.          0.99995724
   0.99994846]
 [ 0.99991804  0.99995627  0.99986623 ...,  0.99995724  1.          0.99992041]
 [ 0.99999997  0.99997122  0.99987228 ...,  0.99994846  0.99992041  1.        ]]
epoch:  1  errors:  2.37237104725
sigmas:
[[ 32.08940756  31.8203915   30.36576443 ...,  31.72852457  30.75378135
   32.14579289]
 [ 31.8203915   30.59509707  30.41643903 ...,  31.89124228  32.68283926
   31.130168  ]
 [ 30.36576443  30.41643903  32.40383035 ...,  31.43362156  31.04490956
   31.27242269]
 ..., 
 [ 31.72852457  31.89124228  31.43362156 ...,  31.25787521  31.46107745
   32.39829028]
 [ 30.75378135  32.68283926  31.04490956 ...,  31.46107745  32.36753081
   31.06349035]
 [ 32.14579289  31.130168    31.27242269 ...,  32.39829028  31.06349035
   32.77754845]]
saving sigmas to:  ./sigmas/modelReal_newUpdate_Alpha260_3/modelReal_newUpdate_Alpha260_3_step2.npy
gm
[[ 1.          0.99997178  0.99986399 ...,  0.99994543  0.99991804
   0.99999997]
 [ 0.99997178  1.          0.9999044  ...,  0.99997091  0.99995627
   0.99997122]
 [ 0.99986399  0.9999044   1.         ...,  0.99989496  0.99986623
   0.99987228]
 ..., 
 [ 0.99994543  0.99997091  0.99989496 ...,  1.          0.99995724
   0.99994846]
 [ 0.99991804  0.99995627  0.99986623 ...,  0.99995724  1.          0.99992041]
 [ 0.99999997  0.99997122  0.99987228 ...,  0.99994846  0.99992041  1.        ]]
epoch:  2  errors:  2.37237104725
sigmas:
[[ 32.08940756  31.8203915   30.36576443 ...,  31.72852457  30.75378135
   32.14579289]
 [ 31.8203915   30.59509707  30.41643903 ...,  31.89124228  32.68283926
   31.130168  ]
 [ 30.36576443  30.41643903  32.40383035 ...,  31.43362156  31.04490956
   31.27242269]
 ..., 
 [ 31.72852457  31.89124228  31.43362156 ...,  31.25787521  31.46107745
   32.39829028]
 [ 30.75378135  32.68283926  31.04490956 ...,  31.46107745  32.36753081
   31.0634905 ]
 [ 32.14579289  31.130168    31.27242269 ...,  32.39829028  31.0634905
   32.77754845]]
saving sigmas to:  ./sigmas/modelReal_newUpdate_Alpha260_3/modelReal_newUpdate_Alpha260_3_step3.npy
gm
[[ 1.          0.99997178  0.99986399 ...,  0.99994543  0.99991804
   0.99999997]
 [ 0.99997178  1.          0.9999044  ...,  0.99997091  0.99995627
   0.99997122]
 [ 0.99986399  0.9999044   1.         ...,  0.99989496  0.99986623
   0.99987228]
 ..., 
 [ 0.99994543  0.99997091  0.99989496 ...,  1.          0.99995724
   0.99994846]
 [ 0.99991804  0.99995627  0.99986623 ...,  0.99995724  1.          0.99992041]
 [ 0.99999997  0.99997122  0.99987228 ...,  0.99994846  0.99992041  1.        ]]
epoch:  3  errors:  2.37237104725
sigmas:
[[ 32.08940756  31.8203915   30.36576443 ...,  31.72852457  30.75378135
   32.14579289]
 [ 31.8203915   30.59509707  30.41643903 ...,  31.89124228  32.68283926
   31.130168  ]
 [ 30.36576443  30.41643903  32.40383035 ...,  31.43362156  31.04490956
   31.27242269]
 ..., 
 [ 31.72852457  31.89124228  31.43362156 ...,  31.25787521  31.46107745
   32.39829028]
 [ 30.75378135  32.68283926  31.04490956 ...,  31.46107745  32.36753081
   31.06349065]
 [ 32.14579289  31.130168    31.27242269 ...,  32.39829028  31.06349065
   32.77754845]]
saving sigmas to:  ./sigmas/modelReal_newUpdate_Alpha260_3/modelReal_newUpdate_Alpha260_3_step4.npy
gm
[[ 1.          0.99997178  0.99986399 ...,  0.99994543  0.99991804
   0.99999997]
 [ 0.99997178  1.          0.9999044  ...,  0.99997091  0.99995627
   0.99997122]
 [ 0.99986399  0.9999044   1.         ...,  0.99989496  0.99986623
   0.99987228]
 ..., 
 [ 0.99994543  0.99997091  0.99989496 ...,  1.          0.99995724
   0.99994846]
 [ 0.99991804  0.99995627  0.99986623 ...,  0.99995724  1.          0.99992041]
 [ 0.99999997  0.99997122  0.99987228 ...,  0.99994846  0.99992041  1.        ]]
epoch:  4  errors:  2.37237104725
sigmas:
[[ 32.08940756  31.8203915   30.36576443 ...,  31.72852457  30.75378135
   32.14579289]
 [ 31.8203915   30.59509707  30.41643903 ...,  31.89124228  32.68283926
   31.130168  ]
 [ 30.36576443  30.41643903  32.40383035 ...,  31.43362156  31.04490956
   31.27242269]
 ..., 
 [ 31.72852457  31.89124228  31.43362156 ...,  31.25787521  31.46107745
   32.39829028]
 [ 30.75378135  32.68283926  31.04490956 ...,  31.46107745  32.36753081
   31.0634908 ]
 [ 32.14579289  31.130168    31.27242269 ...,  32.39829028  31.0634908
   32.77754845]]
saving sigmas to:  ./sigmas/modelReal_newUpdate_Alpha260_3/modelReal_newUpdate_Alpha260_3_step5.npy
gm
[[ 1.          0.99997178  0.99986399 ...,  0.99994543  0.99991804
   0.99999997]
 [ 0.99997178  1.          0.9999044  ...,  0.99997091  0.99995627
   0.99997122]
 [ 0.99986399  0.9999044   1.         ...,  0.99989496  0.99986623
   0.99987228]
 ..., 
 [ 0.99994543  0.99997091  0.99989496 ...,  1.          0.99995724
   0.99994846]
 [ 0.99991804  0.99995627  0.99986623 ...,  0.99995724  1.          0.99992041]
 [ 0.99999997  0.99997122  0.99987228 ...,  0.99994846  0.99992041  1.        ]]
epoch:  5  errors:  2.37237104725
sigmas:
[[ 32.08940756  31.8203915   30.36576443 ...,  31.72852457  30.75378135
   32.14579289]
 [ 31.8203915   30.59509707  30.41643903 ...,  31.89124228  32.68283926
   31.130168  ]
 [ 30.36576443  30.41643903  32.40383035 ...,  31.43362156  31.04490956
   31.27242269]
 ..., 
 [ 31.72852457  31.89124228  31.43362156 ...,  31.25787521  31.46107745
   32.39829028]
 [ 30.75378135  32.68283926  31.04490956 ...,  31.46107745  32.36753081
   31.06349095]
 [ 32.14579289  31.130168    31.27242269 ...,  32.39829028  31.06349095
   32.77754845]]
saving sigmas to:  ./sigmas/modelReal_newUpdate_Alpha260_3/modelReal_newUpdate_Alpha260_3_step6.npy
gm
[[ 1.          0.99997178  0.99986399 ...,  0.99994543  0.99991804
   0.99999997]
 [ 0.99997178  1.          0.9999044  ...,  0.99997091  0.99995627
   0.99997122]
 [ 0.99986399  0.9999044   1.         ...,  0.99989496  0.99986623
   0.99987228]
 ..., 
 [ 0.99994543  0.99997091  0.99989496 ...,  1.          0.99995724
   0.99994846]
 [ 0.99991804  0.99995627  0.99986623 ...,  0.99995724  1.          0.99992041]
 [ 0.99999997  0.99997122  0.99987228 ...,  0.99994846  0.99992041  1.        ]]
epoch:  6  errors:  2.37237104725
sigmas:
[[ 32.08940756  31.8203915   30.36576443 ...,  31.72852457  30.75378135
   32.14579289]
 [ 31.8203915   30.59509707  30.41643903 ...,  31.89124228  32.68283926
   31.130168  ]
 [ 30.36576443  30.41643903  32.40383035 ...,  31.43362156  31.04490956
   31.27242269]
 ..., 
 [ 31.72852457  31.89124228  31.43362156 ...,  31.25787521  31.46107745
   32.39829028]
 [ 30.75378135  32.68283926  31.04490956 ...,  31.46107745  32.36753081
   31.0634911 ]
 [ 32.14579289  31.130168    31.27242269 ...,  32.39829028  31.0634911
   32.77754845]]
saving sigmas to:  ./sigmas/modelReal_newUpdate_Alpha260_3/modelReal_newUpdate_Alpha260_3_step7.npy
gm
[[ 1.          0.99997178  0.99986399 ...,  0.99994543  0.99991804
   0.99999997]
 [ 0.99997178  1.          0.9999044  ...,  0.99997091  0.99995627
   0.99997122]
 [ 0.99986399  0.9999044   1.         ...,  0.99989496  0.99986623
   0.99987228]
 ..., 
 [ 0.99994543  0.99997091  0.99989496 ...,  1.          0.99995724
   0.99994846]
 [ 0.99991804  0.99995627  0.99986623 ...,  0.99995724  1.          0.99992041]
 [ 0.99999997  0.99997122  0.99987228 ...,  0.99994846  0.99992041  1.        ]]
epoch:  7  errors:  2.37237104725
sigmas:
[[ 32.08940756  31.8203915   30.36576443 ...,  31.72852457  30.75378135
   32.14579289]
 [ 31.8203915   30.59509707  30.41643903 ...,  31.89124228  32.68283926
   31.130168  ]
 [ 30.36576443  30.41643903  32.40383035 ...,  31.43362156  31.04490956
   31.27242269]
 ..., 
 [ 31.72852457  31.89124228  31.43362156 ...,  31.25787521  31.46107745
   32.39829028]
 [ 30.75378135  32.68283926  31.04490956 ...,  31.46107745  32.36753081
   31.06349125]
 [ 32.14579289  31.130168    31.27242269 ...,  32.39829028  31.06349125
   32.77754845]]
saving sigmas to:  ./sigmas/modelReal_newUpdate_Alpha260_3/modelReal_newUpdate_Alpha260_3_step8.npy
gm
[[ 1.          0.99997178  0.99986399 ...,  0.99994543  0.99991804
   0.99999997]
 [ 0.99997178  1.          0.9999044  ...,  0.99997091  0.99995627
   0.99997122]
 [ 0.99986399  0.9999044   1.         ...,  0.99989496  0.99986623
   0.99987228]
 ..., 
 [ 0.99994543  0.99997091  0.99989496 ...,  1.          0.99995724
   0.99994846]
 [ 0.99991804  0.99995627  0.99986623 ...,  0.99995724  1.          0.99992041]
 [ 0.99999997  0.99997122  0.99987228 ...,  0.99994846  0.99992041  1.        ]]
epoch:  8  errors:  2.37237104725
sigmas:
[[ 32.08940756  31.8203915   30.36576443 ...,  31.72852457  30.75378135
   32.14579289]
 [ 31.8203915   30.59509707  30.41643903 ...,  31.89124228  32.68283926
   31.130168  ]
 [ 30.36576443  30.41643903  32.40383035 ...,  31.43362156  31.04490956
   31.27242269]
 ..., 
 [ 31.72852457  31.89124228  31.43362156 ...,  31.25787521  31.46107745
   32.39829028]
 [ 30.75378135  32.68283926  31.04490956 ...,  31.46107745  32.36753081
   31.0634914 ]
 [ 32.14579289  31.130168    31.27242269 ...,  32.39829028  31.0634914
   32.77754845]]
saving sigmas to:  ./sigmas/modelReal_newUpdate_Alpha260_3/modelReal_newUpdate_Alpha260_3_step9.npy
gm
[[ 1.          0.99997178  0.99986399 ...,  0.99994543  0.99991804
   0.99999997]
 [ 0.99997178  1.          0.9999044  ...,  0.99997091  0.99995627
   0.99997122]
 [ 0.99986399  0.9999044   1.         ...,  0.99989496  0.99986623
   0.99987228]
 ..., 
 [ 0.99994543  0.99997091  0.99989496 ...,  1.          0.99995724
   0.99994846]
 [ 0.99991804  0.99995627  0.99986623 ...,  0.99995724  1.          0.99992041]
 [ 0.99999997  0.99997122  0.99987228 ...,  0.99994846  0.99992041  1.        ]]
epoch:  9  errors:  2.37237104725
sigmas:
[[ 32.08940756  31.8203915   30.36576443 ...,  31.72852457  30.75378135
   32.14579289]
 [ 31.8203915   30.59509707  30.41643903 ...,  31.89124228  32.68283926
   31.130168  ]
 [ 30.36576443  30.41643903  32.40383035 ...,  31.43362156  31.04490956
   31.27242269]
 ..., 
 [ 31.72852457  31.89124228  31.43362156 ...,  31.25787521  31.46107745
   32.39829028]
 [ 30.75378135  32.68283926  31.04490956 ...,  31.46107745  32.36753081
   31.06349155]
 [ 32.14579289  31.130168    31.27242269 ...,  32.39829028  31.06349155
   32.77754845]]
saving sigmas to:  ./sigmas/modelReal_newUpdate_Alpha260_3/modelReal_newUpdate_Alpha260_3_step10.npy
gm
[[ 1.          0.99997178  0.99986399 ...,  0.99994543  0.99991804
   0.99999997]
 [ 0.99997178  1.          0.9999044  ...,  0.99997091  0.99995627
   0.99997122]
 [ 0.99986399  0.9999044   1.         ...,  0.99989496  0.99986623
   0.99987228]
 ..., 
 [ 0.99994543  0.99997091  0.99989496 ...,  1.          0.99995724
   0.99994846]
 [ 0.99991804  0.99995627  0.99986623 ...,  0.99995724  1.          0.99992041]
 [ 0.99999997  0.99997122  0.99987228 ...,  0.99994846  0.99992041  1.        ]]
epoch:  10  errors:  2.37237104725
sigmas:
[[ 32.08940756  31.8203915   30.36576443 ...,  31.72852457  30.75378135
   32.14579289]
 [ 31.8203915   30.59509707  30.41643903 ...,  31.89124228  32.68283926
   31.130168  ]
 [ 30.36576443  30.41643903  32.40383035 ...,  31.43362156  31.04490956
   31.27242269]
 ..., 
 [ 31.72852457  31.89124228  31.43362156 ...,  31.25787521  31.46107745
   32.39829028]
 [ 30.75378135  32.68283926  31.04490956 ...,  31.46107745  32.36753081
   31.0634917 ]
 [ 32.14579289  31.130168    31.27242269 ...,  32.39829028  31.0634917
   32.77754845]]
saving sigmas to:  ./sigmas/modelReal_newUpdate_Alpha260_3/modelReal_newUpdate_Alpha260_3_step11.npy
gm
[[ 1.          0.99997178  0.99986399 ...,  0.99994543  0.99991804
   0.99999997]
 [ 0.99997178  1.          0.9999044  ...,  0.99997091  0.99995627
   0.99997122]
 [ 0.99986399  0.9999044   1.         ...,  0.99989496  0.99986623
   0.99987228]
 ..., 
 [ 0.99994543  0.99997091  0.99989496 ...,  1.          0.99995724
   0.99994846]
 [ 0.99991804  0.99995627  0.99986623 ...,  0.99995724  1.          0.99992041]
 [ 0.99999997  0.99997122  0.99987228 ...,  0.99994846  0.99992041  1.        ]]
epoch:  11  errors:  2.37237104725
sigmas:
[[ 32.08940756  31.8203915   30.36576443 ...,  31.72852457  30.75378135
   32.14579289]
 [ 31.8203915   30.59509707  30.41643903 ...,  31.89124228  32.68283926
   31.130168  ]
 [ 30.36576443  30.41643903  32.40383035 ...,  31.43362156  31.04490956
   31.27242269]
 ..., 
 [ 31.72852457  31.89124228  31.43362156 ...,  31.25787521  31.46107745
   32.39829028]
 [ 30.75378135  32.68283926  31.04490956 ...,  31.46107745  32.36753081
   31.06349185]
 [ 32.14579289  31.130168    31.27242269 ...,  32.39829028  31.06349185
   32.77754845]]
saving sigmas to:  ./sigmas/modelReal_newUpdate_Alpha260_3/modelReal_newUpdate_Alpha260_3_step12.npy
gm
[[ 1.          0.99997178  0.99986399 ...,  0.99994543  0.99991804
   0.99999997]
 [ 0.99997178  1.          0.9999044  ...,  0.99997091  0.99995627
   0.99997122]
 [ 0.99986399  0.9999044   1.         ...,  0.99989496  0.99986623
   0.99987228]
 ..., 
 [ 0.99994543  0.99997091  0.99989496 ...,  1.          0.99995724
   0.99994846]
 [ 0.99991804  0.99995627  0.99986623 ...,  0.99995724  1.          0.99992041]
 [ 0.99999997  0.99997122  0.99987228 ...,  0.99994846  0.99992041  1.        ]]
epoch:  12  errors:  2.37237104725
sigmas:
[[ 32.08940756  31.8203915   30.36576443 ...,  31.72852457  30.75378135
   32.14579289]
 [ 31.8203915   30.59509707  30.41643903 ...,  31.89124228  32.68283926
   31.130168  ]
 [ 30.36576443  30.41643903  32.40383035 ...,  31.43362156  31.04490956
   31.27242269]
 ..., 
 [ 31.72852457  31.89124228  31.43362156 ...,  31.25787521  31.46107745
   32.39829028]
 [ 30.75378135  32.68283926  31.04490956 ...,  31.46107745  32.36753081
   31.063492  ]
 [ 32.14579289  31.130168    31.27242269 ...,  32.39829028  31.063492
   32.77754845]]
saving sigmas to:  ./sigmas/modelReal_newUpdate_Alpha260_3/modelReal_newUpdate_Alpha260_3_step13.npy
gm
[[ 1.          0.99997178  0.99986399 ...,  0.99994543  0.99991804
   0.99999997]
 [ 0.99997178  1.          0.9999044  ...,  0.99997091  0.99995627
   0.99997122]
 [ 0.99986399  0.9999044   1.         ...,  0.99989496  0.99986623
   0.99987228]
 ..., 
 [ 0.99994543  0.99997091  0.99989496 ...,  1.          0.99995724
   0.99994846]
 [ 0.99991804  0.99995627  0.99986623 ...,  0.99995724  1.          0.99992041]
 [ 0.99999997  0.99997122  0.99987228 ...,  0.99994846  0.99992041  1.        ]]
epoch:  13  errors:  2.37237104725
sigmas:
[[ 32.08940756  31.8203915   30.36576443 ...,  31.72852457  30.75378135
   32.14579289]
 [ 31.8203915   30.59509707  30.41643903 ...,  31.89124228  32.68283926
   31.130168  ]
 [ 30.36576443  30.41643903  32.40383035 ...,  31.43362156  31.04490956
   31.27242269]
 ..., 
 [ 31.72852457  31.89124228  31.43362156 ...,  31.25787521  31.46107745
   32.39829028]
 [ 30.75378135  32.68283926  31.04490956 ...,  31.46107745  32.36753081
   31.06349215]
 [ 32.14579289  31.130168    31.27242269 ...,  32.39829028  31.06349215
   32.77754845]]
saving sigmas to:  ./sigmas/modelReal_newUpdate_Alpha260_3/modelReal_newUpdate_Alpha260_3_step14.npy
gm
[[ 1.          0.99997178  0.99986399 ...,  0.99994543  0.99991804
   0.99999997]
 [ 0.99997178  1.          0.9999044  ...,  0.99997091  0.99995627
   0.99997122]
 [ 0.99986399  0.9999044   1.         ...,  0.99989496  0.99986623
   0.99987228]
 ..., 
 [ 0.99994543  0.99997091  0.99989496 ...,  1.          0.99995724
   0.99994846]
 [ 0.99991804  0.99995627  0.99986623 ...,  0.99995724  1.          0.99992041]
 [ 0.99999997  0.99997122  0.99987228 ...,  0.99994846  0.99992041  1.        ]]
epoch:  14  errors:  2.37237104725
sigmas:
[[ 32.08940756  31.8203915   30.36576443 ...,  31.72852457  30.75378135
   32.14579289]
 [ 31.8203915   30.59509707  30.41643903 ...,  31.89124228  32.68283926
   31.130168  ]
 [ 30.36576443  30.41643903  32.40383035 ...,  31.43362156  31.04490956
   31.27242269]
 ..., 
 [ 31.72852457  31.89124228  31.43362156 ...,  31.25787521  31.46107745
   32.39829027]
 [ 30.75378135  32.68283926  31.04490956 ...,  31.46107745  32.36753081
   31.06349231]
 [ 32.14579289  31.130168    31.27242269 ...,  32.39829027  31.06349231
   32.77754845]]
saving sigmas to:  ./sigmas/modelReal_newUpdate_Alpha260_3/modelReal_newUpdate_Alpha260_3_step15.npy
gm
[[ 1.          0.99997178  0.99986399 ...,  0.99994543  0.99991804
   0.99999997]
 [ 0.99997178  1.          0.9999044  ...,  0.99997091  0.99995627
   0.99997122]
 [ 0.99986399  0.9999044   1.         ...,  0.99989496  0.99986623
   0.99987228]
 ..., 
 [ 0.99994543  0.99997091  0.99989496 ...,  1.          0.99995724
   0.99994846]
 [ 0.99991804  0.99995627  0.99986623 ...,  0.99995724  1.          0.99992041]
 [ 0.99999997  0.99997122  0.99987228 ...,  0.99994846  0.99992041  1.        ]]
epoch:  15  errors:  2.37237104725
sigmas:
[[ 32.08940756  31.8203915   30.36576443 ...,  31.72852457  30.75378135
   32.14579289]
 [ 31.8203915   30.59509707  30.41643903 ...,  31.89124228  32.68283926
   31.130168  ]
 [ 30.36576443  30.41643903  32.40383035 ...,  31.43362156  31.04490956
   31.27242269]
 ..., 
 [ 31.72852457  31.89124228  31.43362156 ...,  31.25787521  31.46107745
   32.39829027]
 [ 30.75378135  32.68283926  31.04490956 ...,  31.46107745  32.36753081
   31.06349246]
 [ 32.14579289  31.130168    31.27242269 ...,  32.39829027  31.06349246
   32.77754845]]
saving sigmas to:  ./sigmas/modelReal_newUpdate_Alpha260_3/modelReal_newUpdate_Alpha260_3_step16.npy
gm
[[ 1.          0.99997178  0.99986399 ...,  0.99994543  0.99991804
   0.99999997]
 [ 0.99997178  1.          0.9999044  ...,  0.99997091  0.99995627
   0.99997122]
 [ 0.99986399  0.9999044   1.         ...,  0.99989496  0.99986623
   0.99987228]
 ..., 
 [ 0.99994543  0.99997091  0.99989496 ...,  1.          0.99995724
   0.99994846]
 [ 0.99991804  0.99995627  0.99986623 ...,  0.99995724  1.          0.99992041]
 [ 0.99999997  0.99997122  0.99987228 ...,  0.99994846  0.99992041  1.        ]]
epoch:  16  errors:  2.37237104725
sigmas:
[[ 32.08940756  31.8203915   30.36576443 ...,  31.72852457  30.75378135
   32.14579289]
 [ 31.8203915   30.59509707  30.41643903 ...,  31.89124228  32.68283926
   31.130168  ]
 [ 30.36576443  30.41643903  32.40383035 ...,  31.43362156  31.04490956
   31.27242269]
 ..., 
 [ 31.72852457  31.89124228  31.43362156 ...,  31.25787521  31.46107745
   32.39829027]
 [ 30.75378135  32.68283926  31.04490956 ...,  31.46107745  32.36753081
   31.06349261]
 [ 32.14579289  31.130168    31.27242269 ...,  32.39829027  31.06349261
   32.77754845]]
saving sigmas to:  ./sigmas/modelReal_newUpdate_Alpha260_3/modelReal_newUpdate_Alpha260_3_step17.npy
gm
[[ 1.          0.99997178  0.99986399 ...,  0.99994543  0.99991804
   0.99999997]
 [ 0.99997178  1.          0.9999044  ...,  0.99997091  0.99995627
   0.99997122]
 [ 0.99986399  0.9999044   1.         ...,  0.99989496  0.99986623
   0.99987228]
 ..., 
 [ 0.99994543  0.99997091  0.99989496 ...,  1.          0.99995724
   0.99994846]
 [ 0.99991804  0.99995627  0.99986623 ...,  0.99995724  1.          0.99992041]
 [ 0.99999997  0.99997122  0.99987228 ...,  0.99994846  0.99992041  1.        ]]
epoch:  17  errors:  2.37237104725
sigmas:
[[ 32.08940756  31.8203915   30.36576443 ...,  31.72852457  30.75378135
   32.14579289]
 [ 31.8203915   30.59509707  30.41643903 ...,  31.89124228  32.68283926
   31.130168  ]
 [ 30.36576443  30.41643903  32.40383035 ...,  31.43362156  31.04490956
   31.27242269]
 ..., 
 [ 31.72852457  31.89124228  31.43362156 ...,  31.25787521  31.46107745
   32.39829027]
 [ 30.75378135  32.68283926  31.04490956 ...,  31.46107745  32.36753081
   31.06349276]
 [ 32.14579289  31.130168    31.27242269 ...,  32.39829027  31.06349276
   32.77754845]]
saving sigmas to:  ./sigmas/modelReal_newUpdate_Alpha260_3/modelReal_newUpdate_Alpha260_3_step18.npy
gm
[[ 1.          0.99997178  0.99986399 ...,  0.99994543  0.99991804
   0.99999997]
 [ 0.99997178  1.          0.9999044  ...,  0.99997091  0.99995627
   0.99997122]
 [ 0.99986399  0.9999044   1.         ...,  0.99989496  0.99986623
   0.99987228]
 ..., 
 [ 0.99994543  0.99997091  0.99989496 ...,  1.          0.99995724
   0.99994846]
 [ 0.99991804  0.99995627  0.99986623 ...,  0.99995724  1.          0.99992041]
 [ 0.99999997  0.99997122  0.99987228 ...,  0.99994846  0.99992041  1.        ]]
epoch:  18  errors:  2.37237104725
sigmas:
[[ 32.08940756  31.8203915   30.36576443 ...,  31.72852457  30.75378135
   32.14579289]
 [ 31.8203915   30.59509707  30.41643903 ...,  31.89124228  32.68283926
   31.130168  ]
 [ 30.36576443  30.41643903  32.40383035 ...,  31.43362156  31.04490956
   31.27242269]
 ..., 
 [ 31.72852457  31.89124228  31.43362156 ...,  31.25787521  31.46107745
   32.39829027]
 [ 30.75378135  32.68283926  31.04490956 ...,  31.46107745  32.36753081
   31.06349291]
 [ 32.14579289  31.130168    31.27242269 ...,  32.39829027  31.06349291
   32.77754845]]
saving sigmas to:  ./sigmas/modelReal_newUpdate_Alpha260_3/modelReal_newUpdate_Alpha260_3_step19.npy
gm
[[ 1.          0.99997178  0.99986399 ...,  0.99994543  0.99991804
   0.99999997]
 [ 0.99997178  1.          0.9999044  ...,  0.99997091  0.99995627
   0.99997122]
 [ 0.99986399  0.9999044   1.         ...,  0.99989496  0.99986623
   0.99987228]
 ..., 
 [ 0.99994543  0.99997091  0.99989496 ...,  1.          0.99995724
   0.99994846]
 [ 0.99991804  0.99995627  0.99986623 ...,  0.99995724  1.          0.99992041]
 [ 0.99999997  0.99997122  0.99987228 ...,  0.99994846  0.99992041  1.        ]]
epoch:  19  errors:  2.37237104725
sigmas:
[[ 32.08940756  31.8203915   30.36576443 ...,  31.72852457  30.75378135
   32.14579289]
 [ 31.8203915   30.59509707  30.41643903 ...,  31.89124228  32.68283926
   31.130168  ]
 [ 30.36576443  30.41643903  32.40383035 ...,  31.43362156  31.04490956
   31.27242269]
 ..., 
 [ 31.72852457  31.89124228  31.43362156 ...,  31.25787521  31.46107745
   32.39829027]
 [ 30.75378135  32.68283926  31.04490956 ...,  31.46107745  32.36753081
   31.06349306]
 [ 32.14579289  31.130168    31.27242269 ...,  32.39829027  31.06349306
   32.77754845]]
saving sigmas to:  ./sigmas/modelReal_newUpdate_Alpha260_3/modelReal_newUpdate_Alpha260_3_step20.npy
gm
[[ 1.          0.99997178  0.99986399 ...,  0.99994543  0.99991804
   0.99999997]
 [ 0.99997178  1.          0.9999044  ...,  0.99997091  0.99995627
   0.99997122]
 [ 0.99986399  0.9999044   1.         ...,  0.99989496  0.99986623
   0.99987228]
 ..., 
 [ 0.99994543  0.99997091  0.99989496 ...,  1.          0.99995724
   0.99994846]
 [ 0.99991804  0.99995627  0.99986623 ...,  0.99995724  1.          0.99992041]
 [ 0.99999997  0.99997122  0.99987228 ...,  0.99994846  0.99992041  1.        ]]
epoch:  20  errors:  2.37237104725
sigmas:
[[ 32.08940756  31.8203915   30.36576443 ...,  31.72852457  30.75378135
   32.14579289]
 [ 31.8203915   30.59509707  30.41643903 ...,  31.89124228  32.68283926
   31.130168  ]
 [ 30.36576443  30.41643903  32.40383035 ...,  31.43362156  31.04490956
   31.27242269]
 ..., 
 [ 31.72852457  31.89124228  31.43362156 ...,  31.25787521  31.46107745
   32.39829027]
 [ 30.75378135  32.68283926  31.04490956 ...,  31.46107745  32.36753081
   31.06349321]
 [ 32.14579289  31.130168    31.27242269 ...,  32.39829027  31.06349321
   32.77754845]]
saving sigmas to:  ./sigmas/modelReal_newUpdate_Alpha260_3/modelReal_newUpdate_Alpha260_3_step21.npy
gm
[[ 1.          0.99997178  0.99986399 ...,  0.99994543  0.99991804
   0.99999997]
 [ 0.99997178  1.          0.9999044  ...,  0.99997091  0.99995627
   0.99997122]
 [ 0.99986399  0.9999044   1.         ...,  0.99989496  0.99986623
   0.99987228]
 ..., 
 [ 0.99994543  0.99997091  0.99989496 ...,  1.          0.99995724
   0.99994846]
 [ 0.99991804  0.99995627  0.99986623 ...,  0.99995724  1.          0.99992041]
 [ 0.99999997  0.99997122  0.99987228 ...,  0.99994846  0.99992041  1.        ]]
epoch:  21  errors:  2.37237104725
sigmas:
[[ 32.08940756  31.8203915   30.36576443 ...,  31.72852457  30.75378135
   32.14579289]
 [ 31.8203915   30.59509707  30.41643903 ...,  31.89124228  32.68283926
   31.130168  ]
 [ 30.36576443  30.41643903  32.40383035 ...,  31.43362156  31.04490956
   31.27242269]
 ..., 
 [ 31.72852457  31.89124228  31.43362156 ...,  31.25787521  31.46107745
   32.39829027]
 [ 30.75378135  32.68283926  31.04490956 ...,  31.46107745  32.36753081
   31.06349336]
 [ 32.14579289  31.130168    31.27242269 ...,  32.39829027  31.06349336
   32.77754845]]
saving sigmas to:  ./sigmas/modelReal_newUpdate_Alpha260_3/modelReal_newUpdate_Alpha260_3_step22.npy
gm
[[ 1.          0.99997178  0.99986399 ...,  0.99994543  0.99991804
   0.99999997]
 [ 0.99997178  1.          0.9999044  ...,  0.99997091  0.99995627
   0.99997122]
 [ 0.99986399  0.9999044   1.         ...,  0.99989496  0.99986623
   0.99987228]
 ..., 
 [ 0.99994543  0.99997091  0.99989496 ...,  1.          0.99995724
   0.99994846]
 [ 0.99991804  0.99995627  0.99986623 ...,  0.99995724  1.          0.99992041]
 [ 0.99999997  0.99997122  0.99987228 ...,  0.99994846  0.99992041  1.        ]]
